-2	0.30564
-1.996	0.306846
-1.992	0.308059
-1.988	0.309279
-1.984	0.310505
-1.98	0.311738
-1.976	0.312978
-1.972	0.314225
-1.968	0.315479
-1.964	0.31674
-1.96	0.318008
-1.956	0.319284
-1.952	0.320566
-1.948	0.321856
-1.944	0.323153
-1.94	0.324458
-1.936	0.32577
-1.932	0.327089
-1.928	0.328416
-1.924	0.32975
-1.92	0.331093
-1.916	0.332442
-1.912	0.3338
-1.908	0.335166
-1.904	0.336539
-1.9	0.33792
-1.896	0.339309
-1.892	0.340707
-1.888	0.342112
-1.884	0.343526
-1.88	0.344948
-1.876	0.346378
-1.872	0.347817
-1.868	0.349264
-1.864	0.350719
-1.86	0.352183
-1.856	0.353656
-1.852	0.355138
-1.848	0.356628
-1.844	0.358127
-1.84	0.359635
-1.836	0.361152
-1.832	0.362678
-1.828	0.364214
-1.824	0.365758
-1.82	0.367312
-1.816	0.368875
-1.812	0.370447
-1.808	0.372029
-1.804	0.373621
-1.8	0.375222
-1.796	0.376833
-1.792	0.378453
-1.788	0.380084
-1.784	0.381725
-1.78	0.383375
-1.776	0.385036
-1.772	0.386707
-1.768	0.388388
-1.764	0.39008
-1.76	0.391782
-1.756	0.393494
-1.752	0.395217
-1.748	0.396951
-1.744	0.398696
-1.74	0.400452
-1.736	0.402218
-1.732	0.403996
-1.728	0.405785
-1.724	0.407585
-1.72	0.409396
-1.716	0.411219
-1.712	0.413053
-1.708	0.414899
-1.704	0.416757
-1.7	0.418627
-1.696	0.420508
-1.692	0.422402
-1.688	0.424307
-1.684	0.426225
-1.68	0.428156
-1.676	0.430098
-1.672	0.432053
-1.668	0.434021
-1.664	0.436002
-1.66	0.437995
-1.656	0.440002
-1.652	0.442022
-1.648	0.444054
-1.644	0.4461
-1.64	0.44816
-1.636	0.450233
-1.632	0.45232
-1.628	0.45442
-1.624	0.456535
-1.62	0.458663
-1.616	0.460806
-1.612	0.462963
-1.608	0.465134
-1.604	0.46732
-1.6	0.46952
-1.596	0.471735
-1.592	0.473965
-1.588	0.476211
-1.584	0.478471
-1.58	0.480747
-1.576	0.483038
-1.572	0.485345
-1.568	0.487667
-1.564	0.490005
-1.56	0.49236
-1.556	0.49473
-1.552	0.497117
-1.548	0.49952
-1.544	0.50194
-1.54	0.504377
-1.536	0.50683
-1.532	0.509301
-1.528	0.511788
-1.524	0.514293
-1.52	0.516816
-1.516	0.519356
-1.512	0.521915
-1.508	0.524491
-1.504	0.527085
-1.5	0.529698
-1.496	0.532329
-1.492	0.534979
-1.488	0.537648
-1.484	0.540336
-1.48	0.543043
-1.476	0.54577
-1.472	0.548516
-1.468	0.551282
-1.464	0.554068
-1.46	0.556874
-1.456	0.5597
-1.452	0.562547
-1.448	0.565415
-1.444	0.568304
-1.44	0.571213
-1.436	0.574145
-1.432	0.577097
-1.428	0.580072
-1.424	0.583068
-1.42	0.586087
-1.416	0.589128
-1.412	0.592191
-1.408	0.595277
-1.404	0.598387
-1.4	0.60152
-1.396	0.604676
-1.392	0.607856
-1.388	0.61106
-1.384	0.614288
-1.38	0.617541
-1.376	0.620818
-1.372	0.62412
-1.368	0.627448
-1.364	0.630801
-1.36	0.63418
-1.356	0.637584
-1.352	0.641015
-1.348	0.644472
-1.344	0.647956
-1.34	0.651467
-1.336	0.655006
-1.332	0.658572
-1.328	0.662166
-1.324	0.665788
-1.32	0.669438
-1.316	0.673117
-1.312	0.676825
-1.308	0.680563
-1.304	0.68433
-1.3	0.688127
-1.296	0.691955
-1.292	0.695812
-1.288	0.699701
-1.284	0.703621
-1.28	0.707573
-1.276	0.711556
-1.272	0.715572
-1.268	0.71962
-1.264	0.723701
-1.26	0.727815
-1.256	0.731963
-1.252	0.736145
-1.248	0.740361
-1.244	0.744612
-1.24	0.748898
-1.236	0.753219
-1.232	0.757576
-1.228	0.761969
-1.224	0.766399
-1.22	0.770866
-1.216	0.775371
-1.212	0.779913
-1.208	0.784493
-1.204	0.789112
-1.2	0.79377
-1.196	0.798468
-1.192	0.803205
-1.188	0.807983
-1.184	0.812802
-1.18	0.817662
-1.176	0.822563
-1.172	0.827507
-1.168	0.832494
-1.164	0.837524
-1.16	0.842597
-1.156	0.847715
-1.152	0.852877
-1.148	0.858084
-1.144	0.863337
-1.14	0.868636
-1.136	0.873982
-1.132	0.879375
-1.128	0.884816
-1.124	0.890306
-1.12	0.895844
-1.116	0.901431
-1.112	0.907069
-1.108	0.912757
-1.104	0.918497
-1.1	0.924288
-1.096	0.930132
-1.092	0.936029
-1.088	0.941979
-1.084	0.947984
-1.08	0.954044
-1.076	0.960159
-1.072	0.96633
-1.068	0.972559
-1.064	0.978845
-1.06	0.985189
-1.056	0.991592
-1.052	0.998055
-1.048	1.00458
-1.044	1.01116
-1.04	1.01781
-1.036	1.02452
-1.032	1.03129
-1.028	1.03813
-1.024	1.04503
-1.02	1.052
-1.016	1.05903
-1.012	1.06613
-1.008	1.0733
-1.004	1.08054
-1	1.08785
-0.996	1.09523
-0.992	1.10268
-0.988	1.1102
-0.984	1.1178
-0.98	1.12547
-0.976	1.13321
-0.972	1.14104
-0.968	1.14894
-0.964	1.15691
-0.96	1.16497
-0.956	1.17311
-0.952	1.18133
-0.948	1.18963
-0.944	1.19801
-0.94	1.20648
-0.936	1.21504
-0.932	1.22368
-0.928	1.23241
-0.924	1.24122
-0.92	1.25013
-0.916	1.25913
-0.912	1.26822
-0.908	1.27741
-0.904	1.28668
-0.9	1.29606
-0.896	1.30553
-0.892	1.3151
-0.888	1.32478
-0.884	1.33455
-0.88	1.34442
-0.876	1.3544
-0.872	1.36449
-0.868	1.37468
-0.864	1.38498
-0.86	1.39538
-0.856	1.4059
-0.852	1.41654
-0.848	1.42728
-0.844	1.43814
-0.84	1.44912
-0.836	1.46022
-0.832	1.47144
-0.828	1.48278
-0.824	1.49425
-0.82	1.50584
-0.816	1.51755
-0.812	1.5294
-0.808	1.54137
-0.804	1.55348
-0.8	1.56573
-0.796	1.57811
-0.792	1.59062
-0.788	1.60328
-0.784	1.61608
-0.78	1.62903
-0.776	1.64211
-0.772	1.65535
-0.768	1.66874
-0.764	1.68228
-0.76	1.69597
-0.756	1.70983
-0.752	1.72383
-0.748	1.73801
-0.744	1.75234
-0.74	1.76684
-0.736	1.78151
-0.732	1.79634
-0.728	1.81135
-0.724	1.82654
-0.72	1.8419
-0.716	1.85745
-0.712	1.87317
-0.708	1.88908
-0.704	1.90518
-0.7	1.92147
-0.696	1.93796
-0.692	1.95464
-0.688	1.97152
-0.684	1.9886
-0.68	2.00589
-0.676	2.02338
-0.672	2.04109
-0.668	2.05901
-0.664	2.07715
-0.66	2.09551
-0.656	2.11409
-0.652	2.13289
-0.648	2.15193
-0.644	2.1712
-0.64	2.19071
-0.636	2.21046
-0.632	2.23045
-0.628	2.25069
-0.624	2.27118
-0.62	2.29192
-0.616	2.31293
-0.612	2.33419
-0.608	2.35572
-0.604	2.37752
-0.6	2.39959
-0.596	2.42194
-0.592	2.44457
-0.588	2.46749
-0.584	2.49069
-0.58	2.51419
-0.576	2.53799
-0.572	2.56209
-0.568	2.5865
-0.564	2.61122
-0.56	2.63625
-0.556	2.6616
-0.552	2.68728
-0.548	2.71328
-0.544	2.73962
-0.54	2.7663
-0.536	2.79332
-0.532	2.82069
-0.528	2.84841
-0.524	2.87648
-0.52	2.90492
-0.516	2.93373
-0.512	2.96291
-0.508	2.99247
-0.504	3.02241
-0.5	3.05274
-0.496	3.08346
-0.492	3.11457
-0.488	3.14609
-0.484	3.17802
-0.48	3.21037
-0.476	3.24313
-0.472	3.27632
-0.468	3.30993
-0.464	3.34398
-0.46	3.37848
-0.456	3.41341
-0.452	3.4488
-0.448	3.48465
-0.444	3.52095
-0.44	3.55773
-0.436	3.59498
-0.432	3.6327
-0.428	3.67091
-0.424	3.70961
-0.42	3.7488
-0.416	3.78848
-0.412	3.82868
-0.408	3.86938
-0.404	3.91059
-0.4	3.95233
-0.396	3.99458
-0.392	4.03737
-0.388	4.08068
-0.384	4.12454
-0.38	4.16893
-0.376	4.21387
-0.372	4.25936
-0.368	4.3054
-0.364	4.35199
-0.36	4.39915
-0.356	4.44686
-0.352	4.49515
-0.348	4.54399
-0.344	4.59341
-0.34	4.6434
-0.336	4.69397
-0.332	4.7451
-0.328	4.79682
-0.324	4.84911
-0.32	4.90197
-0.316	4.95541
-0.312	5.00942
-0.308	5.06401
-0.304	5.11917
-0.3	5.17489
-0.296	5.23119
-0.292	5.28804
-0.288	5.34545
-0.284	5.40342
-0.28	5.46193
-0.276	5.52098
-0.272	5.58056
-0.268	5.64067
-0.264	5.7013
-0.26	5.76244
-0.256	5.82407
-0.252	5.88618
-0.248	5.94877
-0.244	6.01181
-0.24	6.0753
-0.236	6.13922
-0.232	6.20355
-0.228	6.26827
-0.224	6.33336
-0.22	6.39881
-0.216	6.46459
-0.212	6.53067
-0.208	6.59704
-0.204	6.66367
-0.2	6.73052
-0.196	6.79758
-0.192	6.86481
-0.188	6.93217
-0.184	6.99964
-0.18	7.06718
-0.176	7.13476
-0.172	7.20233
-0.168	7.26986
-0.164	7.3373
-0.16	7.40462
-0.156	7.47176
-0.152	7.53869
-0.148	7.60535
-0.144	7.67169
-0.14	7.73767
-0.136	7.80323
-0.132	7.86832
-0.128	7.93288
-0.124	7.99686
-0.12	8.0602
-0.116	8.12284
-0.112	8.18472
-0.108	8.24578
-0.104	8.30595
-0.1	8.36519
-0.096	8.42341
-0.092	8.48056
-0.088	8.53657
-0.084	8.59137
-0.08	8.64491
-0.076	8.69711
-0.072	8.74791
-0.068	8.79725
-0.064	8.84505
-0.06	8.89126
-0.056	8.93581
-0.052	8.97863
-0.048	9.01968
-0.044	9.05887
-0.04	9.09616
-0.036	9.13149
-0.032	9.16481
-0.028	9.19605
-0.024	9.22517
-0.02	9.25211
-0.016	9.27684
-0.012	9.29931
-0.008	9.31947
-0.004	9.33729
0	9.35273
0.004	9.36577
0.008	9.37637
0.012	9.3845
0.016	9.39016
0.02	9.39332
0.024	9.39396
0.028	9.39209
0.032	9.38769
0.036	9.38075
0.04	9.3713
0.044	9.35932
0.048	9.34483
0.052	9.32785
0.056	9.3084
0.06	9.28648
0.064	9.26214
0.068	9.2354
0.072	9.2063
0.076	9.17486
0.08	9.14114
0.084	9.10517
0.088	9.06699
0.092	9.02667
0.096	8.98425
0.1	8.93977
0.104	8.89331
0.108	8.84492
0.112	8.79466
0.116	8.74259
0.12	8.68877
0.124	8.63328
0.128	8.57617
0.132	8.51752
0.136	8.45739
0.14	8.39586
0.144	8.33298
0.148	8.26884
0.152	8.2035
0.156	8.13702
0.16	8.06949
0.164	8.00096
0.168	7.93151
0.172	7.86121
0.176	7.79012
0.18	7.7183
0.184	7.64583
0.188	7.57276
0.192	7.49916
0.196	7.42509
0.2	7.35061
0.204	7.27577
0.208	7.20064
0.212	7.12527
0.216	7.04971
0.22	6.97402
0.224	6.89824
0.228	6.82242
0.232	6.74661
0.236	6.67086
0.24	6.5952
0.244	6.51968
0.248	6.44434
0.252	6.36922
0.256	6.29434
0.26	6.21975
0.264	6.14548
0.268	6.07156
0.272	5.99802
0.276	5.92489
0.28	5.85218
0.284	5.77993
0.288	5.70817
0.292	5.6369
0.296	5.56616
0.3	5.49595
0.304	5.4263
0.308	5.35723
0.312	5.28874
0.316	5.22086
0.32	5.15359
0.324	5.08694
0.328	5.02094
0.332	4.95557
0.336	4.89086
0.34	4.82681
0.344	4.76343
0.348	4.70072
0.352	4.63868
0.356	4.57733
0.36	4.51666
0.364	4.45667
0.368	4.39737
0.372	4.33876
0.376	4.28084
0.38	4.22361
0.384	4.16707
0.388	4.11121
0.392	4.05604
0.396	4.00156
0.4	3.94775
0.404	3.89462
0.408	3.84216
0.412	3.79037
0.416	3.73925
0.42	3.6888
0.424	3.639
0.428	3.58985
0.432	3.54135
0.436	3.49349
0.44	3.44626
0.444	3.39967
0.448	3.35371
0.452	3.30836
0.456	3.26362
0.46	3.21949
0.464	3.17596
0.468	3.13303
0.472	3.09068
0.476	3.04891
0.48	3.00771
0.484	2.96708
0.488	2.92701
0.492	2.88749
0.496	2.84852
0.5	2.81009
0.504	2.77219
0.508	2.73482
0.512	2.69796
0.516	2.66162
0.52	2.62578
0.524	2.59044
0.528	2.55558
0.532	2.52122
0.536	2.48733
0.54	2.45391
0.544	2.42095
0.548	2.38845
0.552	2.3564
0.556	2.3248
0.56	2.29363
0.564	2.2629
0.568	2.23259
0.572	2.2027
0.576	2.17322
0.58	2.14414
0.584	2.11547
0.588	2.08719
0.592	2.05929
0.596	2.03178
0.6	2.00465
0.604	1.97788
0.608	1.95148
0.612	1.92544
0.616	1.89975
0.62	1.87441
0.624	1.84941
0.628	1.82475
0.632	1.80042
0.636	1.77642
0.64	1.75274
0.644	1.72937
0.648	1.70632
0.652	1.68357
0.656	1.66112
0.66	1.63897
0.664	1.61712
0.668	1.59555
0.672	1.57426
0.676	1.55325
0.68	1.53252
0.684	1.51205
0.688	1.49185
0.692	1.47191
0.696	1.45223
0.7	1.4328
0.704	1.41362
0.708	1.39468
0.712	1.37599
0.716	1.35753
0.72	1.3393
0.724	1.32131
0.728	1.30354
0.732	1.28599
0.736	1.26866
0.74	1.25155
0.744	1.23465
0.748	1.21795
0.752	1.20147
0.756	1.18518
0.76	1.16909
0.764	1.1532
0.768	1.1375
0.772	1.12199
0.776	1.10666
0.78	1.09152
0.784	1.07656
0.788	1.06178
0.792	1.04717
0.796	1.03273
0.8	1.01846
0.804	1.00436
0.808	0.990421
0.812	0.976644
0.816	0.963026
0.82	0.949564
0.824	0.936256
0.828	0.923099
0.832	0.910091
0.836	0.89723
0.84	0.884512
0.844	0.871937
0.848	0.859501
0.852	0.847203
0.856	0.83504
0.86	0.823011
0.864	0.811112
0.868	0.799343
0.872	0.787701
0.876	0.776183
0.88	0.764789
0.884	0.753516
0.888	0.742362
0.892	0.731325
0.896	0.720404
0.9	0.709597
0.904	0.698901
0.908	0.688316
0.912	0.677839
0.916	0.66747
0.92	0.657205
0.924	0.647043
0.928	0.636984
0.932	0.627024
0.936	0.617163
0.94	0.6074
0.944	0.597732
0.948	0.588158
0.952	0.578676
0.956	0.569286
0.96	0.559986
0.964	0.550774
0.968	0.541649
0.972	0.532609
0.976	0.523654
0.98	0.514781
0.984	0.505991
0.988	0.49728
0.992	0.488649
0.996	0.480095
1	0.471618
1.004	0.463217
1.008	0.454889
1.012	0.446635
1.016	0.438452
1.02	0.43034
1.024	0.422298
1.028	0.414324
1.032	0.406418
1.036	0.398578
1.04	0.390803
1.044	0.383092
1.048	0.375445
1.052	0.367859
1.056	0.360335
1.06	0.352871
1.064	0.345466
1.068	0.338119
1.072	0.330829
1.076	0.323596
1.08	0.316418
1.084	0.309295
1.088	0.302225
1.092	0.295208
1.096	0.288243
1.1	0.281328
1.104	0.274464
1.108	0.267649
1.112	0.260882
1.116	0.254163
1.12	0.24749
1.124	0.240864
1.128	0.234282
1.132	0.227745
1.136	0.221252
1.14	0.214801
1.144	0.208392
1.148	0.202025
1.152	0.195698
1.156	0.189411
1.16	0.183163
1.164	0.176954
1.168	0.170782
1.172	0.164647
1.176	0.158548
1.18	0.152485
1.184	0.146457
1.188	0.140463
1.192	0.134503
1.196	0.128575
1.2	0.12268
1.204	0.116816
1.208	0.110983
1.212	0.105181
1.216	0.0994082
1.22	0.0936645
1.224	0.0879491
1.228	0.0822616
1.232	0.0766013
1.236	0.0709676
1.24	0.0653599
1.244	0.0597776
1.248	0.0542201
1.252	0.0486868
1.256	0.0431771
1.26	0.0376905
1.264	0.0322264
1.268	0.0267842
1.272	0.0213634
1.276	0.0159633
1.28	0.0105835
1.284	0.0052233
1.288	-0.000117771
1.292	-0.00544028
1.296	-0.0107448
1.3	-0.0160318
1.304	-0.0213019
1.308	-0.0265557
1.312	-0.0317936
1.316	-0.0370162
1.32	-0.042224
1.324	-0.0474176
1.328	-0.0525974
1.332	-0.0577641
1.336	-0.0629182
1.34	-0.0680601
1.344	-0.0731904
1.348	-0.0783097
1.352	-0.0834184
1.356	-0.0885171
1.36	-0.0936063
1.364	-0.0986865
1.368	-0.103758
1.372	-0.108822
1.376	-0.113878
1.38	-0.118928
1.384	-0.123971
1.388	-0.129008
1.392	-0.13404
1.396	-0.139067
1.4	-0.14409
1.404	-0.149109
1.408	-0.154125
1.412	-0.159138
1.416	-0.164149
1.42	-0.169159
1.424	-0.174167
1.428	-0.179175
1.432	-0.184182
1.436	-0.18919
1.44	-0.194199
1.444	-0.19921
1.448	-0.204223
1.452	-0.209239
1.456	-0.214257
1.46	-0.21928
1.464	-0.224307
1.468	-0.229339
1.472	-0.234376
1.476	-0.239419
1.48	-0.244469
1.484	-0.249526
1.488	-0.254591
1.492	-0.259665
1.496	-0.264747
1.5	-0.269839
1.504	-0.274941
1.508	-0.280054
1.512	-0.285178
1.516	-0.290314
1.52	-0.295463
1.524	-0.300625
1.528	-0.305801
1.532	-0.310992
1.536	-0.316198
1.54	-0.32142
1.544	-0.326659
1.548	-0.331915
1.552	-0.337188
1.556	-0.342481
1.56	-0.347793
1.564	-0.353125
1.568	-0.358477
1.572	-0.363852
1.576	-0.369248
1.58	-0.374668
1.584	-0.380112
1.588	-0.38558
1.592	-0.391074
1.596	-0.396594
1.6	-0.402141
1.604	-0.407716
1.608	-0.41332
1.612	-0.418953
1.616	-0.424617
1.62	-0.430313
1.624	-0.43604
1.628	-0.441802
1.632	-0.447597
1.636	-0.453427
1.64	-0.459294
1.644	-0.465198
1.648	-0.47114
1.652	-0.477121
1.656	-0.483143
1.66	-0.489206
1.664	-0.495312
1.668	-0.501461
1.672	-0.507655
1.676	-0.513895
1.68	-0.520182
1.684	-0.526517
1.688	-0.532903
1.692	-0.539339
1.696	-0.545827
1.7	-0.552369
1.704	-0.558966
1.708	-0.56562
1.712	-0.572331
1.716	-0.579102
1.72	-0.585934
1.724	-0.592828
1.728	-0.599786
1.732	-0.606809
1.736	-0.6139
1.74	-0.62106
1.744	-0.628291
1.748	-0.635594
1.752	-0.642972
1.756	-0.650426
1.76	-0.657958
1.764	-0.665571
1.768	-0.673266
1.772	-0.681045
1.776	-0.688911
1.78	-0.696866
1.784	-0.704912
1.788	-0.713052
1.792	-0.721288
1.796	-0.729622
1.8	-0.738057
1.804	-0.746596
1.808	-0.755241
1.812	-0.763996
1.816	-0.772863
1.82	-0.781846
1.824	-0.790946
1.828	-0.800168
1.832	-0.809515
1.836	-0.818991
1.84	-0.828598
1.844	-0.83834
1.848	-0.848221
1.852	-0.858246
1.856	-0.868418
1.86	-0.87874
1.864	-0.889219
1.868	-0.899857
1.872	-0.91066
1.876	-0.921632
1.88	-0.932778
1.884	-0.944104
1.888	-0.955614
1.892	-0.967314
1.896	-0.979211
1.9	-0.991309
1.904	-1.00362
1.908	-1.01614
1.912	-1.02888
1.916	-1.04185
1.92	-1.05505
1.924	-1.0685
1.928	-1.0822
1.932	-1.09615
1.936	-1.11038
1.94	-1.12488
1.944	-1.13966
1.948	-1.15474
1.952	-1.17012
1.956	-1.18582
1.96	-1.20184
1.964	-1.21821
1.968	-1.23492
1.972	-1.25199
1.976	-1.26944
1.98	-1.28727
1.984	-1.30551
1.988	-1.32416
1.992	-1.34325
1.996	-1.36279
2	-1.3828
