0 0.69492021
0.002 0.70639503
0.004 0.7177157
0.006 0.72888353
0.008 0.73989983
0.01 0.75076591
0.012 0.76148307
0.014 0.77205259
0.016 0.78247576
0.018 0.79275385
0.02 0.80288815
0.022 0.81287992
0.024 0.82273041
0.026 0.83244088
0.028 0.84201257
0.03 0.85144673
0.032 0.86074459
0.034 0.86990738
0.036 0.87893631
0.038 0.88783262
0.04 0.89659749
0.042 0.90523215
0.044 0.91373778
0.046 0.92211557
0.048 0.93036672
0.05 0.93849239
0.052 0.94649377
0.054 0.95437201
0.056 0.96212828
0.058 0.96976374
0.06 0.97727952
0.062 0.98467678
0.064 0.99195665
0.066 0.99912026
0.068 1.0061687
0.07 1.0131032
0.072 1.0199247
0.074 1.0266345
0.076 1.0332335
0.078 1.0397229
0.08 1.0461039
0.082 1.0523773
0.084 1.0585445
0.086 1.0646063
0.088 1.0705639
0.09 1.0764184
0.092 1.0821707
0.094 1.087822
0.096 1.0933732
0.098 1.0988255
0.1 1.1041798
0.102 1.1094372
0.104 1.1145987
0.106 1.1196652
0.108 1.1246379
0.11 1.1295177
0.112 1.1343055
0.114 1.1390025
0.116 1.1436095
0.118 1.1481276
0.12 1.1525578
0.122 1.1569009
0.124 1.161158
0.126 1.16533
0.128 1.1694178
0.13 1.1734225
0.132 1.1773449
0.134 1.181186
0.136 1.1849467
0.138 1.1886279
0.14 1.1922306
0.142 1.1957556
0.144 1.199204
0.146 1.2025764
0.148 1.205874
0.15 1.2090975
0.152 1.2122478
0.154 1.2153258
0.156 1.2183325
0.158 1.2212686
0.16 1.224135
0.162 1.2269326
0.164 1.2296622
0.166 1.2323247
0.168 1.234921
0.17 1.2374518
0.172 1.2399179
0.174 1.2423203
0.176 1.2446597
0.178 1.246937
0.18 1.2491529
0.182 1.2513083
0.184 1.253404
0.186 1.2554407
0.188 1.2574192
0.19 1.2593404
0.192 1.261205
0.194 1.2630138
0.196 1.2647676
0.198 1.266467
0.2 1.2681129
0.202 1.2697061
0.204 1.2712472
0.206 1.2727371
0.208 1.2741764
0.21 1.2755659
0.212 1.2769063
0.214 1.2781984
0.216 1.2794428
0.218 1.2806403
0.22 1.2817916
0.222 1.2828974
0.224 1.2839583
0.226 1.2849751
0.228 1.2859485
0.23 1.2868792
0.232 1.2877678
0.234 1.288615
0.236 1.2894214
0.238 1.2901878
0.24 1.2909148
0.242 1.2916031
0.244 1.2922532
0.246 1.2928659
0.248 1.2934418
0.25 1.2939816
0.252 1.2944857
0.254 1.294955
0.256 1.2953899
0.258 1.2957912
0.26 1.2961594
0.262 1.2964952
0.264 1.2967991
0.266 1.2970717
0.268 1.2973137
0.27 1.2975256
0.272 1.297708
0.274 1.2978615
0.276 1.2979866
0.278 1.298084
0.28 1.2981542
0.282 1.2981978
0.284 1.2982153
0.286 1.2982072
0.288 1.2981742
0.29 1.2981167
0.292 1.2980354
0.294 1.2979307
0.296 1.2978031
0.298 1.2976533
0.3 1.2974817
0.302 1.2972888
0.304 1.2970751
0.306 1.2968412
0.308 1.2965876
0.31 1.2963148
0.312 1.2960232
0.314 1.2957133
0.316 1.2953857
0.318 1.2950408
0.32 1.2946791
0.322 1.294301
0.324 1.2939072
0.326 1.2934979
0.328 1.2930737
0.33 1.292635
0.332 1.2921823
0.334 1.291716
0.336 1.2912366
0.338 1.2907445
0.34 1.2902401
0.342 1.289724
0.344 1.2891964
0.346 1.2886579
0.348 1.2881089
0.35 1.2875497
0.352 1.2869808
0.354 1.2864026
0.356 1.2858155
0.358 1.2852199
0.36 1.2846162
0.362 1.2840048
0.364 1.283386
0.366 1.2827603
0.368 1.2821281
0.37 1.2814896
0.372 1.2808454
0.374 1.2801957
0.376 1.279541
0.378 1.2788815
0.38 1.2782176
0.382 1.2775498
0.384 1.2768783
0.386 1.2762035
0.388 1.2755257
0.39 1.2748453
0.392 1.2741626
0.394 1.2734779
0.396 1.2727916
0.398 1.272104
0.4 1.2714154
0.402 1.2707261
0.404 1.2700365
0.406 1.2693467
0.408 1.2686573
0.41 1.2679683
0.412 1.2672803
0.414 1.2665933
0.416 1.2659078
0.418 1.265224
0.42 1.2645422
0.422 1.2638627
0.424 1.2631858
0.426 1.2625116
0.428 1.2618406
0.43 1.2611729
0.432 1.2605089
0.434 1.2598487
0.436 1.2591927
0.438 1.258541
0.44 1.257894
0.442 1.2572519
0.444 1.256615
0.446 1.2559833
0.448 1.2553573
0.45 1.2547371
0.452 1.254123
0.454 1.2535151
0.456 1.2529138
0.458 1.2523192
0.46 1.2517315
0.462 1.2511509
0.464 1.2505777
0.466 1.2500121
0.468 1.2494543
0.47 1.2489044
0.472 1.2483626
0.474 1.2478292
0.476 1.2473044
0.478 1.2467883
0.48 1.246281
0.482 1.2457829
0.484 1.245294
0.486 1.2448146
0.488 1.2443448
0.49 1.2438847
0.492 1.2434346
0.494 1.2429946
0.496 1.2425649
0.498 1.2421455
0.5 1.2417368
0.502 1.2413387
0.504 1.2409515
0.506 1.2405753
0.508 1.2402102
0.51 1.2398564
0.512 1.2395141
0.514 1.2391833
0.516 1.2388641
0.518 1.2385568
0.52 1.2382613
0.522 1.2379779
0.524 1.2377067
0.526 1.2374478
0.528 1.2372012
0.53 1.2369671
0.532 1.2367456
0.534 1.2365368
0.536 1.2363408
0.538 1.2361577
0.54 1.2359877
0.542 1.2358306
0.544 1.2356868
0.546 1.2355562
0.548 1.235439
0.55 1.2353352
0.552 1.2352449
0.554 1.2351681
0.556 1.2351051
0.558 1.2350557
0.56 1.2350201
0.562 1.2349984
0.564 1.2349906
0.566 1.2349968
0.568 1.2350171
0.57 1.2350514
0.572 1.2350998
0.574 1.2351625
0.576 1.2352394
0.578 1.2353306
0.58 1.2354361
0.582 1.235556
0.584 1.2356903
0.586 1.2358391
0.588 1.2360023
0.59 1.23618
0.592 1.2363723
0.594 1.2365791
0.596 1.2368006
0.598 1.2370366
0.6 1.2372872
0.602 1.2375525
0.604 1.2378325
0.606 1.2381271
0.608 1.2384364
0.61 1.2387604
0.612 1.2390991
0.614 1.2394525
0.616 1.2398206
0.618 1.2402034
0.62 1.2406008
0.622 1.241013
0.624 1.2414398
0.626 1.2418813
0.628 1.2423375
0.63 1.2428083
0.632 1.2432937
0.634 1.2437938
0.636 1.2443084
0.638 1.2448376
0.64 1.2453813
0.642 1.2459396
0.644 1.2465123
0.646 1.2470995
0.648 1.2477011
0.65 1.2483171
0.652 1.2489474
0.654 1.2495921
0.656 1.250251
0.658 1.2509242
0.66 1.2516115
0.662 1.252313
0.664 1.2530286
0.666 1.2537582
0.668 1.2545018
0.67 1.2552594
0.672 1.2560308
0.674 1.2568161
0.676 1.2576151
0.678 1.2584278
0.68 1.2592542
0.682 1.2600941
0.684 1.2609476
0.686 1.2618145
0.688 1.2626948
0.69 1.2635884
0.692 1.2644952
0.694 1.2654152
0.696 1.2663482
0.698 1.2672943
0.7 1.2682532
0.702 1.2692251
0.704 1.2702096
0.706 1.2712069
0.708 1.2722167
0.71 1.2732391
0.712 1.2742738
0.714 1.2753209
0.716 1.2763802
0.718 1.2774517
0.72 1.2785352
0.722 1.2796306
0.724 1.2807379
0.726 1.281857
0.728 1.2829876
0.73 1.2841299
0.732 1.2852836
0.734 1.2864486
0.736 1.2876248
0.738 1.2888122
0.74 1.2900106
0.742 1.2912199
0.744 1.29244
0.746 1.2936707
0.748 1.294912
0.75 1.2961638
0.752 1.2974259
0.754 1.2986983
0.756 1.2999807
0.758 1.3012731
0.76 1.3025753
0.762 1.3038873
0.764 1.3052089
0.766 1.30654
0.768 1.3078804
0.77 1.30923
0.772 1.3105888
0.774 1.3119565
0.776 1.313333
0.778 1.3147183
0.78 1.3161121
0.782 1.3175144
0.784 1.318925
0.786 1.3203437
0.788 1.3217704
0.79 1.3232051
0.792 1.3246475
0.794 1.3260975
0.796 1.327555
0.798 1.3290198
0.8 1.3304918
0.802 1.3319708
0.804 1.3334567
0.806 1.3349494
0.808 1.3364487
0.81 1.3379544
0.812 1.3394664
0.814 1.3409846
0.816 1.3425088
0.818 1.3440389
0.82 1.3455746
0.822 1.3471159
0.824 1.3486627
0.826 1.3502146
0.828 1.3517716
0.83 1.3533336
0.832 1.3549004
0.834 1.3564717
0.836 1.3580476
0.838 1.3596277
0.84 1.361212
0.842 1.3628002
0.844 1.3643923
0.846 1.3659881
0.848 1.3675874
0.85 1.36919
0.852 1.3707957
0.854 1.3724045
0.856 1.3740162
0.858 1.3756305
0.86 1.3772474
0.862 1.3788666
0.864 1.380488
0.866 1.3821114
0.868 1.3837367
0.87 1.3853637
0.872 1.3869922
0.874 1.3886221
0.876 1.3902531
0.878 1.3918852
0.88 1.3935181
0.882 1.3951517
0.884 1.3967858
0.886 1.3984202
0.888 1.4000548
0.89 1.4016894
0.892 1.4033239
0.894 1.4049579
0.896 1.4065915
0.898 1.4082244
0.9 1.4098564
0.902 1.4114874
0.904 1.4131172
0.906 1.4147456
0.908 1.4163724
0.91 1.4179975
0.912 1.4196207
0.914 1.4212419
0.916 1.4228608
0.918 1.4244773
0.92 1.4260911
0.922 1.4277022
0.924 1.4293104
0.926 1.4309155
0.928 1.4325172
0.93 1.4341155
0.932 1.4357102
0.934 1.437301
0.936 1.4388879
0.938 1.4404705
0.94 1.4420489
0.942 1.4436227
0.944 1.4451919
0.946 1.4467562
0.948 1.4483154
0.95 1.4498695
0.952 1.4514181
0.954 1.4529612
0.956 1.4544986
0.958 1.4560301
0.96 1.4575555
0.962 1.4590746
0.964 1.4605874
0.966 1.4620935
0.968 1.4635929
0.97 1.4650853
0.972 1.4665706
0.974 1.4680487
0.976 1.4695193
0.978 1.4709822
0.98 1.4724374
0.982 1.4738846
0.984 1.4753236
0.986 1.4767544
0.988 1.4781767
0.99 1.4795903
0.992 1.4809952
0.994 1.482391
0.996 1.4837777
0.998 1.4851551
1 1.486523
1.002 1.4878812
1.004 1.4892297
1.006 1.4905681
1.008 1.4918965
1.01 1.4932145
1.012 1.494522
1.014 1.4958189
1.016 1.497105
1.018 1.4983801
1.02 1.4996441
1.022 1.5008969
1.024 1.5021381
1.026 1.5033678
1.028 1.5045857
1.03 1.5057917
1.032 1.5069856
1.034 1.5081673
1.036 1.5093366
1.038 1.5104933
1.04 1.5116373
1.042 1.5127685
1.044 1.5138867
1.046 1.5149917
1.048 1.5160833
1.05 1.5171616
1.052 1.5182262
1.054 1.519277
1.056 1.5203139
1.058 1.5213367
1.06 1.5223454
1.062 1.5233396
1.064 1.5243194
1.066 1.5252845
1.068 1.5262349
1.07 1.5271703
1.072 1.5280906
1.074 1.5289957
1.076 1.5298855
1.078 1.5307598
1.08 1.5316184
1.082 1.5324613
1.084 1.5332882
1.086 1.5340992
1.088 1.5348939
1.09 1.5356724
1.092 1.5364344
1.094 1.5371799
1.096 1.5379086
1.098 1.5386206
1.1 1.5393156
1.102 1.5399935
1.104 1.5406542
1.106 1.5412977
1.108 1.5419236
1.11 1.542532
1.112 1.5431227
1.114 1.5436956
1.116 1.5442506
1.118 1.5447876
1.12 1.5453064
1.122 1.5458069
1.124 1.5462891
1.126 1.5467528
1.128 1.5471979
1.13 1.5476243
1.132 1.5480318
1.134 1.5484205
1.136 1.5487901
1.138 1.5491406
1.14 1.5494719
1.142 1.5497839
1.144 1.5500764
1.146 1.5503495
1.148 1.5506029
1.15 1.5508366
1.152 1.5510505
1.154 1.5512445
1.156 1.5514186
1.158 1.5515725
1.16 1.5517063
1.162 1.5518199
1.164 1.5519132
1.166 1.5519861
1.168 1.5520384
1.17 1.5520702
1.172 1.5520814
1.174 1.5520719
1.176 1.5520416
1.178 1.5519904
1.18 1.5519183
1.182 1.5518252
1.184 1.5517111
1.186 1.5515758
1.188 1.5514193
1.19 1.5512416
1.192 1.5510426
1.194 1.5508222
1.196 1.5505804
1.198 1.5503171
1.2 1.5500323
1.202 1.5497259
1.204 1.5493979
1.206 1.5490482
1.208 1.5486767
1.21 1.5482836
1.212 1.5478686
1.214 1.5474318
1.216 1.5469731
1.218 1.5464925
1.22 1.5459899
1.222 1.5454654
1.224 1.5449188
1.226 1.5443503
1.228 1.5437596
1.23 1.5431469
1.232 1.5425121
1.234 1.5418552
1.236 1.5411761
1.238 1.5404749
1.24 1.5397515
1.242 1.5390059
1.244 1.5382382
1.246 1.5374483
1.248 1.5366361
1.25 1.5358018
1.252 1.5349453
1.254 1.5340666
1.256 1.5331657
1.258 1.5322426
1.26 1.5312973
1.262 1.5303299
1.264 1.5293404
1.266 1.5283287
1.268 1.5272949
1.27 1.526239
1.272 1.525161
1.274 1.524061
1.276 1.522939
1.278 1.521795
1.28 1.520629
1.282 1.5194411
1.284 1.5182314
1.286 1.5169998
1.288 1.5157464
1.29 1.5144712
1.292 1.5131744
1.294 1.5118559
1.296 1.5105158
1.298 1.5091541
1.3 1.5077709
1.302 1.5063664
1.304 1.5049404
1.306 1.5034931
1.308 1.5020246
1.31 1.5005349
1.312 1.4990242
1.314 1.4974924
1.316 1.4959396
1.318 1.494366
1.32 1.4927717
1.322 1.4911566
1.324 1.4895209
1.326 1.4878647
1.328 1.4861881
1.33 1.4844912
1.332 1.482774
1.334 1.4810367
1.336 1.4792794
1.338 1.4775022
1.34 1.4757052
1.342 1.4738885
1.344 1.4720523
1.346 1.4701965
1.348 1.4683215
1.35 1.4664273
1.352 1.4645139
1.354 1.4625817
1.356 1.4606306
1.358 1.4586608
1.36 1.4566725
1.362 1.4546659
1.364 1.4526409
1.366 1.4505979
1.368 1.4485369
1.37 1.4464581
1.372 1.4443617
1.374 1.4422478
1.376 1.4401166
1.378 1.4379682
1.38 1.4358029
1.382 1.4336208
1.384 1.431422
1.386 1.4292068
1.388 1.4269753
1.39 1.4247277
1.392 1.4224642
1.394 1.420185
1.396 1.4178904
1.398 1.4155803
1.4 1.4132552
1.402 1.4109152
1.404 1.4085605
1.406 1.4061913
1.408 1.4038078
1.41 1.4014103
1.412 1.3989989
1.414 1.3965739
1.416 1.3941355
1.418 1.391684
1.42 1.3892195
1.422 1.3867424
1.424 1.3842528
1.426 1.381751
1.428 1.3792373
1.43 1.3767118
1.432 1.3741749
1.434 1.3716269
1.436 1.3690679
1.438 1.3664982
1.44 1.3639181
1.442 1.361328
1.444 1.3587279
1.446 1.3561183
1.448 1.3534995
1.45 1.3508716
1.452 1.348235
1.454 1.34559
1.456 1.3429368
1.458 1.3402759
1.46 1.3376074
1.462 1.3349317
1.464 1.3322491
1.466 1.32956
1.468 1.3268646
1.47 1.3241632
1.472 1.3214562
1.474 1.3187439
1.476 1.3160267
1.478 1.3133049
1.48 1.3105788
1.482 1.3078487
1.484 1.3051151
1.486 1.3023782
1.488 1.2996385
1.49 1.2968963
1.492 1.2941519
1.494 1.2914057
1.496 1.2886581
1.498 1.2859095
1.5 1.2831603
1.502 1.2804107
1.504 1.2776613
1.506 1.2749124
1.508 1.2721644
1.51 1.2694177
1.512 1.2666727
1.514 1.2639298
1.516 1.2611895
1.518 1.258452
1.52 1.255718
1.522 1.2529877
1.524 1.2502616
1.526 1.2475402
1.528 1.2448239
1.53 1.242113
1.532 1.2394081
1.534 1.2367097
1.536 1.2340181
1.538 1.2313338
1.54 1.2286573
1.542 1.225989
1.544 1.2233295
1.546 1.2206791
1.548 1.2180384
1.55 1.2154079
1.552 1.2127879
1.554 1.2101791
1.556 1.2075819
1.558 1.2049968
1.56 1.2024244
1.562 1.199865
1.564 1.1973193
1.566 1.1947878
1.568 1.1922709
1.57 1.1897692
1.572 1.1872833
1.574 1.1848136
1.576 1.1823607
1.578 1.1799252
1.58 1.1775075
1.582 1.1751083
1.584 1.1727281
1.586 1.1703675
1.588 1.1680269
1.59 1.1657071
1.592 1.1634085
1.594 1.1611318
1.596 1.1588775
1.598 1.1566462
1.6 1.1544386
1.602 1.1522551
1.604 1.1500964
1.606 1.1479632
1.608 1.145856
1.61 1.1437754
1.612 1.1417221
1.614 1.1396967
1.616 1.1376998
1.618 1.1357321
1.62 1.1337942
1.622 1.1318867
1.624 1.1300102
1.626 1.1281655
1.628 1.1263533
1.63 1.124574
1.632 1.1228285
1.634 1.1211174
1.636 1.1194414
1.638 1.1178012
1.64 1.1161974
1.642 1.1146307
1.644 1.1131019
1.646 1.1116116
1.648 1.1101606
1.65 1.1087495
1.652 1.1073791
1.654 1.1060501
1.656 1.1047632
1.658 1.1035192
1.66 1.1023188
1.662 1.1011627
1.664 1.1000517
1.666 1.0989866
1.668 1.097968
1.67 1.0969968
1.672 1.0960738
1.674 1.0951996
1.676 1.0943751
1.678 1.093601
1.68 1.0928782
1.682 1.0922075
1.684 1.0915895
1.686 1.0910253
1.688 1.0905154
1.69 1.0900609
1.692 1.0896624
1.694 1.0893208
1.696 1.0890369
1.698 1.0888117
1.7 1.0886458
1.702 1.0885402
1.704 1.0884957
1.706 1.0885132
1.708 1.0885935
1.71 1.0887375
1.712 1.088946
1.714 1.08922
1.716 1.0895603
1.718 1.0899679
1.72 1.0904435
1.722 1.0909882
1.724 1.0916027
1.726 1.0922881
1.728 1.0930453
1.73 1.093875
1.732 1.0947784
1.734 1.0957563
1.736 1.0968097
1.738 1.0979394
1.74 1.0991465
1.742 1.100432
1.744 1.1017966
1.746 1.1032415
1.748 1.1047677
1.75 1.1063759
1.752 1.1080674
1.754 1.109843
1.756 1.1117038
1.758 1.1136507
1.76 1.1156847
1.762 1.1178069
1.764 1.1200183
1.766 1.1223199
1.768 1.1247127
1.77 1.1271978
1.772 1.1297762
1.774 1.1324489
1.776 1.135217
1.778 1.1380816
1.78 1.1410437
1.782 1.1441044
1.784 1.1472648
1.786 1.1505259
1.788 1.1538889
1.79 1.1573548
1.792 1.1609247
1.794 1.1645997
1.796 1.168381
1.798 1.1722696
1.8 1.1762668
1.802 1.1803735
1.804 1.184591
1.806 1.1889203
1.808 1.1933627
1.81 1.1979193
1.812 1.2025912
1.814 1.2073796
1.816 1.2122857
1.818 1.2173107
1.82 1.2224557
1.822 1.2277219
1.824 1.2331106
1.826 1.2386228
1.828 1.2442599
1.83 1.2500231
1.832 1.2559135
1.834 1.2619324
1.836 1.2680811
1.838 1.2743607
1.84 1.2807725
1.842 1.2873177
1.844 1.2939977
1.846 1.3008137
1.848 1.307767
1.85 1.3148587
1.852 1.3220903
1.854 1.329463
1.856 1.3369781
1.858 1.3446369
1.86 1.3524406
1.862 1.3603908
1.864 1.3684885
1.866 1.3767353
1.868 1.3851323
1.87 1.393681
1.872 1.4023827
1.874 1.4112388
1.876 1.4202505
1.878 1.4294193
1.88 1.4387466
1.882 1.4482337
1.884 1.4578821
1.886 1.467693
1.888 1.477668
1.89 1.4878083
1.892 1.4981155
1.894 1.508591
1.896 1.5192361
1.898 1.5300523
1.9 1.5410411
1.902 1.5522039
1.904 1.5635421
1.906 1.5750572
1.908 1.5867507
1.91 1.598624
1.912 1.6106787
1.914 1.6229161
1.916 1.6353379
1.918 1.6479455
1.92 1.6607404
1.922 1.6737241
1.924 1.6868982
1.926 1.7002641
1.928 1.7138235
1.93 1.7275778
1.932 1.7415286
1.934 1.7556774
1.936 1.7700259
1.938 1.7845755
1.94 1.799328
1.942 1.8142847
1.944 1.8294474
1.946 1.8448176
1.948 1.860397
1.95 1.8761871
1.952 1.8921895
1.954 1.908406
1.956 1.9248381
1.958 1.9414874
1.96 1.9583556
1.962 1.9754444
1.964 1.9927554
1.966 2.0102903
1.968 2.0280508
1.97 2.0460385
1.972 2.0642551
1.974 2.0827024
1.976 2.101382
1.978 2.1202956
1.98 2.1394451
1.982 2.1588319
1.984 2.1784581
1.986 2.1983251
1.988 2.2184349
1.99 2.2387891
1.992 2.2593896
1.994 2.280238
1.996 2.3013362
1.998 2.322686
2 2.3442891
