0 1.1526808
0.002 1.1505187
0.004 1.1483932
0.006 1.146304
0.008 1.1442509
0.01 1.1422338
0.012 1.1402525
0.014 1.1383066
0.016 1.1363961
0.018 1.1345206
0.02 1.1326801
0.022 1.1308743
0.024 1.1291029
0.026 1.1273658
0.028 1.1256628
0.03 1.1239936
0.032 1.1223581
0.034 1.1207561
0.036 1.1191873
0.038 1.1176515
0.04 1.1161486
0.042 1.1146784
0.044 1.1132406
0.046 1.111835
0.048 1.1104615
0.05 1.1091198
0.052 1.1078097
0.054 1.1065311
0.056 1.1052837
0.058 1.1040673
0.06 1.1028818
0.062 1.1017269
0.064 1.1006025
0.066 1.0995083
0.068 1.0984442
0.07 1.0974099
0.072 1.0964053
0.074 1.0954302
0.076 1.0944843
0.078 1.0935675
0.08 1.0926796
0.082 1.0918204
0.084 1.0909897
0.086 1.0901873
0.088 1.089413
0.09 1.0886666
0.092 1.087948
0.094 1.0872569
0.096 1.0865932
0.098 1.0859566
0.1 1.085347
0.102 1.0847642
0.104 1.0842079
0.106 1.0836781
0.108 1.0831746
0.11 1.082697
0.112 1.0822453
0.114 1.0818193
0.116 1.0814188
0.118 1.0810435
0.12 1.0806934
0.122 1.0803682
0.124 1.0800678
0.126 1.0797919
0.128 1.0795404
0.13 1.0793131
0.132 1.0791098
0.134 1.0789304
0.136 1.0787746
0.138 1.0786423
0.14 1.0785333
0.142 1.0784474
0.144 1.0783845
0.146 1.0783443
0.148 1.0783267
0.15 1.0783315
0.152 1.0783586
0.154 1.0784077
0.156 1.0784787
0.158 1.0785715
0.16 1.0786857
0.162 1.0788213
0.164 1.0789781
0.166 1.0791559
0.168 1.0793546
0.17 1.0795739
0.172 1.0798137
0.174 1.0800739
0.176 1.0803542
0.178 1.0806544
0.18 1.0809745
0.182 1.0813143
0.184 1.0816735
0.186 1.082052
0.188 1.0824497
0.19 1.0828664
0.192 1.0833018
0.194 1.0837559
0.196 1.0842285
0.198 1.0847194
0.2 1.0852284
0.202 1.0857554
0.204 1.0863002
0.206 1.0868627
0.208 1.0874427
0.21 1.08804
0.212 1.0886544
0.214 1.0892859
0.216 1.0899342
0.218 1.0905992
0.22 1.0912807
0.222 1.0919785
0.224 1.0926926
0.226 1.0934227
0.228 1.0941687
0.23 1.0949305
0.232 1.0957077
0.234 1.0965005
0.236 1.0973084
0.238 1.0981315
0.24 1.0989695
0.242 1.0998223
0.244 1.1006897
0.246 1.1015717
0.248 1.1024679
0.25 1.1033783
0.252 1.1043028
0.254 1.1052411
0.256 1.1061931
0.258 1.1071588
0.26 1.1081378
0.262 1.1091301
0.264 1.1101355
0.266 1.1111539
0.268 1.112185
0.27 1.1132289
0.272 1.1142853
0.274 1.1153541
0.276 1.1164351
0.278 1.1175281
0.28 1.1186332
0.282 1.11975
0.284 1.1208784
0.286 1.1220184
0.288 1.1231697
0.29 1.1243322
0.292 1.1255058
0.294 1.1266903
0.296 1.1278856
0.298 1.1290916
0.3 1.130308
0.302 1.1315349
0.304 1.1327719
0.306 1.134019
0.308 1.1352761
0.31 1.136543
0.312 1.1378195
0.314 1.1391056
0.316 1.1404011
0.318 1.1417058
0.32 1.1430196
0.322 1.1443424
0.324 1.1456741
0.326 1.1470145
0.328 1.1483634
0.33 1.1497208
0.332 1.1510866
0.334 1.1524604
0.336 1.1538424
0.338 1.1552322
0.34 1.1566298
0.342 1.1580351
0.344 1.1594479
0.346 1.1608681
0.348 1.1622955
0.35 1.1637301
0.352 1.1651716
0.354 1.1666201
0.356 1.1680752
0.358 1.169537
0.36 1.1710053
0.362 1.17248
0.364 1.1739609
0.366 1.1754479
0.368 1.1769409
0.37 1.1784397
0.372 1.1799443
0.374 1.1814545
0.376 1.1829702
0.378 1.1844913
0.38 1.1860176
0.382 1.187549
0.384 1.1890855
0.386 1.1906268
0.388 1.1921729
0.39 1.1937236
0.392 1.1952789
0.394 1.1968386
0.396 1.1984025
0.398 1.1999707
0.4 1.2015428
0.402 1.2031189
0.404 1.2046989
0.406 1.2062825
0.408 1.2078697
0.41 1.2094604
0.412 1.2110545
0.414 1.2126518
0.416 1.2142522
0.418 1.2158556
0.42 1.217462
0.422 1.2190711
0.424 1.2206829
0.426 1.2222973
0.428 1.2239142
0.43 1.2255334
0.432 1.2271548
0.434 1.2287784
0.436 1.230404
0.438 1.2320315
0.44 1.2336608
0.442 1.2352918
0.444 1.2369244
0.446 1.2385585
0.448 1.2401939
0.45 1.2418306
0.452 1.2434685
0.454 1.2451075
0.456 1.2467474
0.458 1.2483882
0.46 1.2500297
0.462 1.2516719
0.464 1.2533146
0.466 1.2549578
0.468 1.2566013
0.47 1.2582451
0.472 1.259889
0.474 1.2615329
0.476 1.2631768
0.478 1.2648205
0.48 1.266464
0.482 1.2681072
0.484 1.2697498
0.486 1.271392
0.488 1.2730335
0.49 1.2746742
0.492 1.2763142
0.494 1.2779532
0.496 1.2795912
0.498 1.281228
0.5 1.2828637
0.502 1.284498
0.504 1.286131
0.506 1.2877625
0.508 1.2893924
0.51 1.2910206
0.512 1.292647
0.514 1.2942717
0.516 1.2958943
0.518 1.297515
0.52 1.2991335
0.522 1.3007498
0.524 1.3023638
0.526 1.3039754
0.528 1.3055846
0.53 1.3071912
0.532 1.3087952
0.534 1.3103964
0.536 1.3119948
0.538 1.3135904
0.54 1.3151829
0.542 1.3167724
0.544 1.3183587
0.546 1.3199418
0.548 1.3215216
0.55 1.323098
0.552 1.3246709
0.554 1.3262403
0.556 1.327806
0.558 1.329368
0.56 1.3309263
0.562 1.3324806
0.564 1.334031
0.566 1.3355774
0.568 1.3371196
0.57 1.3386577
0.572 1.3401915
0.574 1.3417209
0.576 1.343246
0.578 1.3447666
0.58 1.3462826
0.582 1.3477939
0.584 1.3493006
0.586 1.3508024
0.588 1.3522995
0.59 1.3537916
0.592 1.3552786
0.594 1.3567607
0.596 1.3582375
0.598 1.3597092
0.6 1.3611756
0.602 1.3626366
0.604 1.3640922
0.606 1.3655423
0.608 1.3669869
0.61 1.3684259
0.612 1.3698591
0.614 1.3712866
0.616 1.3727083
0.618 1.3741241
0.62 1.3755339
0.622 1.3769377
0.624 1.3783354
0.626 1.379727
0.628 1.3811124
0.63 1.3824915
0.632 1.3838643
0.634 1.3852306
0.636 1.3865906
0.638 1.387944
0.64 1.3892908
0.642 1.390631
0.644 1.3919645
0.646 1.3932912
0.648 1.3946111
0.65 1.3959242
0.652 1.3972303
0.654 1.3985294
0.656 1.3998215
0.658 1.4011065
0.66 1.4023843
0.662 1.403655
0.664 1.4049183
0.666 1.4061744
0.668 1.4074231
0.67 1.4086643
0.672 1.4098981
0.674 1.4111243
0.676 1.412343
0.678 1.413554
0.68 1.4147574
0.682 1.415953
0.684 1.4171408
0.686 1.4183208
0.688 1.4194929
0.69 1.4206571
0.692 1.4218133
0.694 1.4229615
0.696 1.4241016
0.698 1.4252336
0.7 1.4263575
0.702 1.4274731
0.704 1.4285805
0.706 1.4296795
0.708 1.4307702
0.71 1.4318526
0.712 1.4329265
0.714 1.4339919
0.716 1.4350488
0.718 1.4360972
0.72 1.437137
0.722 1.4381681
0.724 1.4391905
0.726 1.4402043
0.728 1.4412092
0.73 1.4422054
0.732 1.4431927
0.734 1.4441712
0.736 1.4451407
0.738 1.4461013
0.74 1.447053
0.742 1.4479956
0.744 1.4489291
0.746 1.4498535
0.748 1.4507689
0.75 1.451675
0.752 1.452572
0.754 1.4534598
0.756 1.4543382
0.758 1.4552074
0.76 1.4560673
0.762 1.4569178
0.764 1.457759
0.766 1.4585907
0.768 1.459413
0.77 1.4602258
0.772 1.4610291
0.774 1.4618228
0.776 1.462607
0.778 1.4633816
0.78 1.4641466
0.782 1.464902
0.784 1.4656477
0.786 1.4663837
0.788 1.46711
0.79 1.4678265
0.792 1.4685333
0.794 1.4692303
0.796 1.4699175
0.798 1.4705948
0.8 1.4712623
0.802 1.4719199
0.804 1.4725676
0.806 1.4732054
0.808 1.4738333
0.81 1.4744512
0.812 1.4750591
0.814 1.475657
0.816 1.4762448
0.818 1.4768227
0.82 1.4773905
0.822 1.4779482
0.824 1.4784959
0.826 1.4790334
0.828 1.4795608
0.83 1.4800781
0.832 1.4805852
0.834 1.4810822
0.836 1.481569
0.838 1.4820456
0.84 1.482512
0.842 1.4829682
0.844 1.4834142
0.846 1.4838499
0.848 1.4842754
0.85 1.4846906
0.852 1.4850956
0.854 1.4854903
0.856 1.4858747
0.858 1.4862488
0.86 1.4866126
0.862 1.4869661
0.864 1.4873093
0.866 1.4876421
0.868 1.4879646
0.87 1.4882768
0.872 1.4885787
0.874 1.4888702
0.876 1.4891513
0.878 1.4894221
0.88 1.4896826
0.882 1.4899327
0.884 1.4901724
0.886 1.4904018
0.888 1.4906208
0.89 1.4908294
0.892 1.4910277
0.894 1.4912156
0.896 1.4913932
0.898 1.4915603
0.9 1.4917172
0.902 1.4918636
0.904 1.4919997
0.906 1.4921255
0.908 1.4922409
0.91 1.492346
0.912 1.4924407
0.914 1.4925251
0.916 1.4925991
0.918 1.4926629
0.92 1.4927163
0.922 1.4927594
0.924 1.4927922
0.926 1.4928147
0.928 1.4928269
0.93 1.4928288
0.932 1.4928205
0.934 1.4928019
0.936 1.492773
0.938 1.4927339
0.94 1.4926846
0.942 1.4926251
0.944 1.4925553
0.946 1.4924754
0.948 1.4923853
0.95 1.492285
0.952 1.4921745
0.954 1.492054
0.956 1.4919233
0.958 1.4917825
0.96 1.4916316
0.962 1.4914706
0.964 1.4912996
0.966 1.4911185
0.968 1.4909274
0.97 1.4907263
0.972 1.4905152
0.974 1.4902941
0.976 1.4900631
0.978 1.4898222
0.98 1.4895714
0.982 1.4893107
0.984 1.4890401
0.986 1.4887596
0.988 1.4884694
0.99 1.4881693
0.992 1.4878595
0.994 1.4875399
0.996 1.4872107
0.998 1.4868717
1 1.486523
1.002 1.4861647
1.004 1.4857967
1.006 1.4854192
1.008 1.4850321
1.01 1.4846355
1.012 1.4842293
1.014 1.4838137
1.016 1.4833886
1.018 1.482954
1.02 1.4825101
1.022 1.4820569
1.024 1.4815942
1.026 1.4811223
1.028 1.4806412
1.03 1.4801507
1.032 1.4796511
1.034 1.4791423
1.036 1.4786244
1.038 1.4780974
1.04 1.4775613
1.042 1.4770162
1.044 1.476462
1.046 1.4758989
1.048 1.4753269
1.05 1.474746
1.052 1.4741563
1.054 1.4735578
1.056 1.4729504
1.058 1.4723344
1.06 1.4717097
1.062 1.4710763
1.064 1.4704343
1.066 1.4697837
1.068 1.4691246
1.07 1.468457
1.072 1.467781
1.074 1.4670965
1.076 1.4664037
1.078 1.4657026
1.08 1.4649933
1.082 1.4642757
1.084 1.4635499
1.086 1.462816
1.088 1.462074
1.09 1.4613239
1.092 1.4605659
1.094 1.4597999
1.096 1.4590261
1.098 1.4582443
1.1 1.4574548
1.102 1.4566576
1.104 1.4558526
1.106 1.45504
1.108 1.4542198
1.11 1.453392
1.112 1.4525568
1.114 1.4517141
1.116 1.450864
1.118 1.4500066
1.12 1.4491419
1.122 1.44827
1.124 1.4473909
1.126 1.4465047
1.128 1.4456114
1.13 1.4447111
1.132 1.4438039
1.134 1.4428898
1.136 1.4419689
1.138 1.4410411
1.14 1.4401067
1.142 1.4391656
1.144 1.4382179
1.146 1.4372637
1.148 1.436303
1.15 1.4353359
1.152 1.4343624
1.154 1.4333827
1.156 1.4323967
1.158 1.4314046
1.16 1.4304063
1.162 1.429402
1.164 1.4283917
1.166 1.4273756
1.168 1.4263536
1.17 1.4253258
1.172 1.4242923
1.174 1.4232531
1.176 1.4222084
1.178 1.4211581
1.18 1.4201025
1.182 1.4190414
1.184 1.417975
1.186 1.4169035
1.188 1.4158267
1.19 1.4147449
1.192 1.413658
1.194 1.4125662
1.196 1.4114695
1.198 1.410368
1.2 1.4092617
1.202 1.4081508
1.204 1.4070353
1.206 1.4059153
1.208 1.4047909
1.21 1.4036621
1.212 1.402529
1.214 1.4013917
1.216 1.4002503
1.218 1.3991048
1.22 1.3979554
1.222 1.396802
1.224 1.3956449
1.226 1.3944839
1.228 1.3933194
1.23 1.3921512
1.232 1.3909796
1.234 1.3898045
1.236 1.3886261
1.238 1.3874444
1.24 1.3862595
1.242 1.3850716
1.244 1.3838806
1.246 1.3826868
1.248 1.3814901
1.25 1.3802906
1.252 1.3790885
1.254 1.3778837
1.256 1.3766765
1.258 1.3754669
1.26 1.374255
1.262 1.3730408
1.264 1.3718244
1.266 1.370606
1.268 1.3693857
1.27 1.3681635
1.272 1.3669394
1.274 1.3657137
1.276 1.3644864
1.278 1.3632575
1.28 1.3620272
1.282 1.3607956
1.284 1.3595628
1.286 1.3583288
1.288 1.3570937
1.29 1.3558577
1.292 1.3546209
1.294 1.3533833
1.296 1.352145
1.298 1.3509061
1.3 1.3496667
1.302 1.348427
1.304 1.347187
1.306 1.3459468
1.308 1.3447065
1.31 1.3434662
1.312 1.342226
1.314 1.3409861
1.316 1.3397464
1.318 1.3385072
1.32 1.3372685
1.322 1.3360304
1.324 1.334793
1.326 1.3335565
1.328 1.3323208
1.33 1.3310863
1.332 1.3298528
1.334 1.3286206
1.336 1.3273897
1.338 1.3261603
1.34 1.3249324
1.342 1.3237062
1.344 1.3224818
1.346 1.3212592
1.348 1.3200386
1.35 1.3188202
1.352 1.3176039
1.354 1.3163899
1.356 1.3151784
1.358 1.3139694
1.36 1.3127631
1.362 1.3115595
1.364 1.3103588
1.366 1.309161
1.368 1.3079664
1.37 1.3067749
1.372 1.3055868
1.374 1.3044021
1.376 1.303221
1.378 1.3020435
1.38 1.3008699
1.382 1.2997001
1.384 1.2985343
1.386 1.2973727
1.388 1.2962153
1.39 1.2950623
1.392 1.2939137
1.394 1.2927698
1.396 1.2916306
1.398 1.2904963
1.4 1.2893669
1.402 1.2882426
1.404 1.2871235
1.406 1.2860098
1.408 1.2849015
1.41 1.2837987
1.412 1.2827017
1.414 1.2816105
1.416 1.2805252
1.418 1.2794461
1.42 1.2783731
1.422 1.2773064
1.424 1.2762462
1.426 1.2751926
1.428 1.2741456
1.43 1.2731055
1.432 1.2720724
1.434 1.2710463
1.436 1.2700275
1.438 1.269016
1.44 1.268012
1.442 1.2670156
1.444 1.266027
1.446 1.2650462
1.448 1.2640734
1.45 1.2631087
1.452 1.2621523
1.454 1.2612043
1.456 1.2602649
1.458 1.2593341
1.46 1.2584121
1.462 1.2574991
1.464 1.2565951
1.466 1.2557004
1.468 1.254815
1.47 1.2539391
1.472 1.2530728
1.474 1.2522162
1.476 1.2513696
1.478 1.250533
1.48 1.2497066
1.482 1.2488905
1.484 1.2480849
1.486 1.2472898
1.488 1.2465055
1.49 1.2457321
1.492 1.2449697
1.494 1.2442185
1.496 1.2434786
1.498 1.2427502
1.5 1.2420333
1.502 1.2413282
1.504 1.240635
1.506 1.2399539
1.508 1.2392849
1.51 1.2386282
1.512 1.237984
1.514 1.2373525
1.516 1.2367337
1.518 1.2361278
1.52 1.235535
1.522 1.2349554
1.524 1.2343892
1.526 1.2338365
1.528 1.2332975
1.53 1.2327723
1.532 1.2322611
1.534 1.231764
1.536 1.2312812
1.538 1.2308128
1.54 1.230359
1.542 1.22992
1.544 1.2294958
1.546 1.2290867
1.548 1.2286929
1.55 1.2283143
1.552 1.2279513
1.554 1.227604
1.556 1.2272725
1.558 1.226957
1.56 1.2266576
1.562 1.2263746
1.564 1.226108
1.566 1.2258581
1.568 1.225625
1.57 1.2254088
1.572 1.2252097
1.574 1.2250279
1.576 1.2248635
1.578 1.2247168
1.58 1.2245878
1.582 1.2244767
1.584 1.2243837
1.586 1.224309
1.588 1.2242527
1.59 1.224215
1.592 1.2241961
1.594 1.224196
1.596 1.2242151
1.598 1.2242534
1.6 1.2243111
1.602 1.2243885
1.604 1.2244856
1.606 1.2246026
1.608 1.2247397
1.61 1.2248971
1.612 1.225075
1.614 1.2252734
1.616 1.2254927
1.618 1.2257329
1.62 1.2259942
1.622 1.2262768
1.624 1.226581
1.626 1.2269067
1.628 1.2272543
1.63 1.2276239
1.632 1.2280157
1.634 1.2284299
1.636 1.2288665
1.638 1.2293259
1.64 1.2298082
1.642 1.2303135
1.644 1.2308421
1.646 1.2313941
1.648 1.2319697
1.65 1.2325691
1.652 1.2331924
1.654 1.2338399
1.656 1.2345118
1.658 1.2352081
1.66 1.2359291
1.662 1.236675
1.664 1.2374459
1.666 1.2382421
1.668 1.2390637
1.67 1.239911
1.672 1.240784
1.674 1.241683
1.676 1.2426081
1.678 1.2435596
1.68 1.2445377
1.682 1.2455425
1.684 1.2465742
1.686 1.247633
1.688 1.248719
1.69 1.2498326
1.692 1.2509739
1.694 1.252143
1.696 1.2533402
1.698 1.2545656
1.7 1.2558194
1.702 1.2571019
1.704 1.2584132
1.706 1.2597535
1.708 1.2611231
1.71 1.262522
1.712 1.2639505
1.714 1.2654089
1.716 1.2668972
1.718 1.2684157
1.72 1.2699646
1.722 1.2715441
1.724 1.2731543
1.726 1.2747955
1.728 1.2764679
1.73 1.2781717
1.732 1.2799071
1.734 1.2816742
1.736 1.2834733
1.738 1.2853045
1.74 1.2871682
1.742 1.2890644
1.744 1.2909934
1.746 1.2929554
1.748 1.2949506
1.75 1.2969792
1.752 1.2990413
1.754 1.3011373
1.756 1.3032673
1.758 1.3054314
1.76 1.30763
1.762 1.3098633
1.764 1.3121313
1.766 1.3144344
1.768 1.3167727
1.77 1.3191465
1.772 1.321556
1.774 1.3240013
1.776 1.3264827
1.778 1.3290004
1.78 1.3315546
1.782 1.3341456
1.784 1.3367734
1.786 1.3394384
1.788 1.3421408
1.79 1.3448807
1.792 1.3476584
1.794 1.3504741
1.796 1.353328
1.798 1.3562203
1.8 1.3591513
1.802 1.3621211
1.804 1.36513
1.806 1.3681782
1.808 1.3712659
1.81 1.3743934
1.812 1.3775607
1.814 1.3807683
1.816 1.3840162
1.818 1.3873047
1.82 1.3906341
1.822 1.3940045
1.824 1.3974161
1.826 1.4008693
1.828 1.4043641
1.83 1.4079009
1.832 1.4114799
1.834 1.4151012
1.836 1.4187652
1.838 1.4224719
1.84 1.4262218
1.842 1.4300149
1.844 1.4338515
1.846 1.4377318
1.848 1.4416562
1.85 1.4456247
1.852 1.4496376
1.854 1.4536951
1.856 1.4577976
1.858 1.4619451
1.86 1.466138
1.862 1.4703764
1.864 1.4746606
1.866 1.4789909
1.868 1.4833674
1.87 1.4877904
1.872 1.4922602
1.874 1.4967768
1.876 1.5013407
1.878 1.505952
1.88 1.510611
1.882 1.5153179
1.884 1.5200728
1.886 1.5248762
1.888 1.5297282
1.89 1.534629
1.892 1.5395789
1.894 1.544578
1.896 1.5496268
1.898 1.5547253
1.9 1.5598739
1.902 1.5650728
1.904 1.5703222
1.906 1.5756223
1.908 1.5809734
1.91 1.5863758
1.912 1.5918296
1.914 1.5973352
1.916 1.6028927
1.918 1.6085024
1.92 1.6141646
1.922 1.6198795
1.924 1.6256474
1.926 1.6314684
1.928 1.6373429
1.93 1.643271
1.932 1.6492531
1.934 1.6552894
1.936 1.66138
1.938 1.6675254
1.94 1.6737257
1.942 1.6799811
1.944 1.686292
1.946 1.6926586
1.948 1.6990811
1.95 1.7055597
1.952 1.7120948
1.954 1.7186866
1.956 1.7253353
1.958 1.7320411
1.96 1.7388045
1.962 1.7456255
1.964 1.7525045
1.966 1.7594416
1.968 1.7664373
1.97 1.7734916
1.972 1.7806049
1.974 1.7877775
1.976 1.7950095
1.978 1.8023013
1.98 1.8096531
1.982 1.8170652
1.984 1.8245377
1.986 1.8320711
1.988 1.8396655
1.99 1.8473212
1.992 1.8550385
1.994 1.8628176
1.996 1.8706588
1.998 1.8785623
2 1.8865285
