0 5.8364648
0.002 5.2149545
0.004 4.6359102
0.006 4.0973784
0.008 3.5974722
0.01 3.1343691
0.012 2.7063099
0.014 2.3115966
0.016 1.948591
0.018 1.6157129
0.02 1.3114387
0.022 1.0342996
0.024 0.78288063
0.026 0.55581857
0.028 0.35180089
0.03 0.1695642
0.032 0.0078929108
0.034 -0.13438212
0.036 -0.25838492
0.038 -0.36519569
0.04 -0.45585205
0.042 -0.53135029
0.044 -0.59264659
0.046 -0.64065816
0.048 -0.67626444
0.05 -0.70030818
0.052 -0.7135966
0.054 -0.71690241
0.056 -0.71096491
0.058 -0.69649098
0.06 -0.67415611
0.062 -0.64460539
0.064 -0.60845442
0.066 -0.56629031
0.068 -0.51867254
0.07 -0.46613388
0.072 -0.40918126
0.074 -0.34829662
0.076 -0.28393772
0.078 -0.21653897
0.08 -0.1465122
0.082 -0.074247468
0.084 -0.00011375295
0.086 0.075540263
0.088 0.15238551
0.09 0.23011181
0.092 0.30842725
0.094 0.38705744
0.096 0.46574496
0.098 0.54424866
0.1 0.62234309
0.102 0.6998179
0.104 0.77647725
0.106 0.85213928
0.108 0.92663549
0.11 0.99981029
0.112 1.0715204
0.114 1.1416345
0.116 1.2100326
0.118 1.2766054
0.12 1.3412543
0.122 1.4038905
0.124 1.4644347
0.126 1.522817
0.128 1.5789759
0.13 1.6328582
0.132 1.6844189
0.134 1.7336201
0.136 1.7804315
0.138 1.8248294
0.14 1.8667965
0.142 1.9063218
0.144 1.9434
0.146 1.9780315
0.148 2.0102215
0.15 2.0399806
0.152 2.0673237
0.154 2.0922702
0.156 2.1148434
0.158 2.1350707
0.16 2.1529829
0.162 2.1686142
0.164 2.1820019
0.166 2.1931862
0.168 2.20221
0.17 2.2091187
0.172 2.2139599
0.174 2.2167832
0.176 2.2176404
0.178 2.2165847
0.18 2.2136711
0.182 2.2089557
0.184 2.2024961
0.186 2.1943507
0.188 2.1845792
0.19 2.1732418
0.192 2.1603994
0.194 2.1461135
0.196 2.130446
0.198 2.1134589
0.2 2.0952147
0.202 2.0757758
0.204 2.0552044
0.206 2.033563
0.208 2.0109135
0.21 1.9873176
0.212 1.9628367
0.214 1.9375316
0.216 1.9114627
0.218 1.8846897
0.22 1.8572716
0.222 1.8292667
0.224 1.8007325
0.226 1.7717257
0.228 1.7423019
0.23 1.712516
0.232 1.6824218
0.234 1.6520719
0.236 1.621518
0.238 1.5908108
0.24 1.5599995
0.242 1.5291324
0.244 1.4982564
0.246 1.4674175
0.248 1.43666
0.25 1.4060274
0.252 1.3755614
0.254 1.3453029
0.256 1.315291
0.258 1.285564
0.26 1.2561584
0.262 1.2271095
0.264 1.1984515
0.266 1.1702168
0.268 1.1424369
0.27 1.1151417
0.272 1.0883596
0.274 1.0621181
0.276 1.036443
0.278 1.0113588
0.28 0.98688878
0.282 0.96305492
0.284 0.9398778
0.286 0.91737674
0.288 0.89556978
0.29 0.87447369
0.292 0.85410398
0.294 0.83447491
0.296 0.81559954
0.298 0.7974897
0.3 0.78015605
0.302 0.76360807
0.304 0.74785408
0.306 0.7329013
0.308 0.7187558
0.31 0.7054226
0.312 0.69290563
0.314 0.68120779
0.316 0.67033094
0.318 0.66027595
0.32 0.65104274
0.322 0.64263023
0.324 0.63503647
0.326 0.62825855
0.328 0.62229273
0.33 0.6171344
0.332 0.61277811
0.334 0.60921763
0.336 0.60644594
0.338 0.60445527
0.34 0.60323713
0.342 0.60278232
0.344 0.60308099
0.346 0.6041226
0.348 0.60589602
0.35 0.60838951
0.352 0.61159076
0.354 0.61548691
0.356 0.62006459
0.358 0.62530992
0.36 0.63120854
0.362 0.63774567
0.364 0.64490609
0.366 0.65267417
0.368 0.66103394
0.37 0.66996905
0.372 0.67946283
0.374 0.68949831
0.376 0.70005825
0.378 0.71112514
0.38 0.72268123
0.382 0.73470858
0.384 0.74718903
0.386 0.76010428
0.388 0.77343586
0.39 0.78716519
0.392 0.80127357
0.394 0.81574222
0.396 0.83055229
0.398 0.84568489
0.4 0.8611211
0.402 0.87684198
0.404 0.89282861
0.406 0.90906209
0.408 0.92552357
0.41 0.94219426
0.412 0.95905544
0.414 0.9760885
0.416 0.99327491
0.418 1.0105963
0.42 1.0280344
0.422 1.0455711
0.424 1.0631885
0.426 1.0808689
0.428 1.0985947
0.43 1.1163485
0.432 1.1341133
0.434 1.1518721
0.436 1.1696083
0.438 1.1873055
0.44 1.2049476
0.442 1.2225186
0.444 1.2400031
0.446 1.2573857
0.448 1.2746515
0.45 1.2917858
0.452 1.3087742
0.454 1.3256027
0.456 1.3422577
0.458 1.3587257
0.46 1.3749939
0.462 1.3910494
0.464 1.4068801
0.466 1.422474
0.468 1.4378194
0.47 1.4529054
0.472 1.467721
0.474 1.4822557
0.476 1.4964996
0.478 1.510443
0.48 1.5240766
0.482 1.5373914
0.484 1.5503791
0.486 1.5630316
0.488 1.575341
0.49 1.5873001
0.492 1.5989021
0.494 1.6101403
0.496 1.6210087
0.498 1.6315015
0.5 1.6416134
0.502 1.6513395
0.504 1.6606753
0.506 1.6696165
0.508 1.6781595
0.51 1.6863009
0.512 1.6940376
0.514 1.7013671
0.516 1.7082871
0.518 1.7147959
0.52 1.7208918
0.522 1.7265739
0.524 1.7318413
0.526 1.7366938
0.528 1.7411311
0.53 1.7451538
0.532 1.7487624
0.534 1.751958
0.536 1.754742
0.538 1.7571159
0.54 1.7590818
0.542 1.7606421
0.544 1.7617994
0.546 1.7625566
0.548 1.762917
0.55 1.7628842
0.552 1.7624619
0.554 1.7616544
0.556 1.760466
0.558 1.7589014
0.56 1.7569655
0.562 1.7546636
0.564 1.752001
0.566 1.7489834
0.568 1.7456168
0.57 1.7419074
0.572 1.7378614
0.574 1.7334854
0.576 1.7287864
0.578 1.7237711
0.58 1.7184468
0.582 1.7128209
0.584 1.7069008
0.586 1.7006944
0.588 1.6942093
0.59 1.6874537
0.592 1.6804357
0.594 1.6731636
0.596 1.6656458
0.598 1.6578908
0.6 1.6499072
0.602 1.6417039
0.604 1.6332897
0.606 1.6246735
0.608 1.6158643
0.61 1.6068713
0.612 1.5977035
0.614 1.5883703
0.616 1.5788809
0.618 1.5692446
0.62 1.5594708
0.622 1.5495688
0.624 1.539548
0.626 1.529418
0.628 1.519188
0.63 1.5088675
0.632 1.498466
0.634 1.4879928
0.636 1.4774573
0.638 1.4668689
0.64 1.4562369
0.642 1.4455706
0.644 1.4348792
0.646 1.4241719
0.648 1.4134578
0.65 1.402746
0.652 1.3920454
0.654 1.381365
0.656 1.3707135
0.658 1.3600997
0.66 1.3495323
0.662 1.3390197
0.664 1.3285704
0.666 1.3181927
0.668 1.3078948
0.67 1.2976847
0.672 1.2875705
0.674 1.2775598
0.676 1.2676605
0.678 1.25788
0.68 1.2482257
0.682 1.2387049
0.684 1.2293247
0.686 1.2200919
0.688 1.2110134
0.69 1.2020957
0.692 1.1933454
0.694 1.1847686
0.696 1.1763714
0.698 1.1681598
0.7 1.1601395
0.702 1.152316
0.704 1.1446948
0.706 1.1372809
0.708 1.1300793
0.71 1.1230948
0.712 1.1163321
0.714 1.1097955
0.716 1.1034891
0.718 1.0974171
0.72 1.0915831
0.722 1.0859908
0.724 1.0806435
0.726 1.0755445
0.728 1.0706966
0.73 1.0661026
0.732 1.0617652
0.734 1.0576865
0.736 1.0538688
0.738 1.050314
0.74 1.0470238
0.742 1.0439997
0.744 1.041243
0.746 1.0387547
0.748 1.0365358
0.75 1.034587
0.752 1.0329086
0.754 1.0315009
0.756 1.0303641
0.758 1.0294979
0.76 1.0289019
0.762 1.0285757
0.764 1.0285185
0.766 1.0287292
0.768 1.0292069
0.77 1.02995
0.772 1.0309572
0.774 1.0322266
0.776 1.0337563
0.778 1.0355443
0.78 1.0375882
0.782 1.0398856
0.784 1.0424338
0.786 1.04523
0.788 1.0482713
0.79 1.0515544
0.792 1.055076
0.794 1.0588327
0.796 1.0628207
0.798 1.0670363
0.8 1.0714755
0.802 1.0761342
0.804 1.0810081
0.806 1.0860928
0.808 1.0913838
0.81 1.0968763
0.812 1.1025656
0.814 1.1084467
0.816 1.1145146
0.818 1.120764
0.82 1.1271897
0.822 1.1337862
0.824 1.1405481
0.826 1.1474696
0.828 1.1545451
0.83 1.1617688
0.832 1.1691346
0.834 1.1766367
0.836 1.1842689
0.838 1.1920251
0.84 1.1998991
0.842 1.2078845
0.844 1.215975
0.846 1.2241641
0.848 1.2324454
0.85 1.2408123
0.852 1.2492583
0.854 1.2577768
0.856 1.2663611
0.858 1.2750044
0.86 1.2837002
0.862 1.2924417
0.864 1.301222
0.866 1.3100345
0.868 1.3188724
0.87 1.3277289
0.872 1.3365972
0.874 1.3454705
0.876 1.3543421
0.878 1.3632053
0.88 1.3720533
0.882 1.3808794
0.884 1.3896769
0.886 1.3984392
0.888 1.4071597
0.89 1.4158318
0.892 1.424449
0.894 1.4330048
0.896 1.4414929
0.898 1.4499068
0.9 1.4582402
0.902 1.4664871
0.904 1.474641
0.906 1.4826961
0.908 1.4906463
0.91 1.4984857
0.912 1.5062084
0.914 1.5138087
0.916 1.521281
0.918 1.5286197
0.92 1.5358194
0.922 1.5428747
0.924 1.5497803
0.926 1.5565313
0.928 1.5631225
0.93 1.569549
0.932 1.5758062
0.934 1.5818894
0.936 1.5877939
0.938 1.5935156
0.94 1.5990501
0.942 1.6043932
0.944 1.6095411
0.946 1.6144899
0.948 1.6192359
0.95 1.6237756
0.952 1.6281055
0.954 1.6322225
0.956 1.6361234
0.958 1.6398053
0.96 1.6432654
0.962 1.6465011
0.964 1.6495099
0.966 1.6522896
0.968 1.654838
0.97 1.6571531
0.972 1.6592331
0.974 1.6610764
0.976 1.6626816
0.978 1.6640472
0.98 1.6651723
0.982 1.6660558
0.984 1.6666969
0.986 1.6670951
0.988 1.6672499
0.99 1.667161
0.992 1.6668283
0.994 1.6662519
0.996 1.6654321
0.998 1.6643693
1 1.663064
1.002 1.6615172
1.004 1.6597296
1.006 1.6577024
1.008 1.6554369
1.01 1.6529346
1.012 1.6501971
1.014 1.6472261
1.016 1.6440237
1.018 1.640592
1.02 1.6369333
1.022 1.63305
1.024 1.6289447
1.026 1.6246203
1.028 1.6200797
1.03 1.615326
1.032 1.6103625
1.034 1.6051925
1.036 1.5998196
1.038 1.5942476
1.04 1.5884803
1.042 1.5825217
1.044 1.5763759
1.046 1.5700473
1.048 1.5635403
1.05 1.5568594
1.052 1.5500093
1.054 1.5429949
1.056 1.5358211
1.058 1.5284929
1.06 1.5210157
1.062 1.5133945
1.064 1.505635
1.066 1.4977426
1.068 1.489723
1.07 1.4815819
1.072 1.4733251
1.074 1.4649586
1.076 1.4564884
1.078 1.4479207
1.08 1.4392616
1.082 1.4305174
1.084 1.4216945
1.086 1.4127992
1.088 1.4038382
1.09 1.394818
1.092 1.3857452
1.094 1.3766264
1.096 1.3674685
1.098 1.3582782
1.1 1.3490622
1.102 1.3398275
1.104 1.330581
1.106 1.3213296
1.108 1.3120802
1.11 1.3028398
1.112 1.2936154
1.114 1.284414
1.116 1.2752426
1.118 1.2661081
1.12 1.2570176
1.122 1.2479781
1.124 1.2389965
1.126 1.2300798
1.128 1.221235
1.13 1.212469
1.132 1.2037885
1.134 1.1952006
1.136 1.186712
1.138 1.1783294
1.14 1.1700596
1.142 1.1619091
1.144 1.1538847
1.146 1.1459928
1.148 1.1382399
1.15 1.1306323
1.152 1.1231765
1.154 1.1158785
1.156 1.1087446
1.158 1.1017807
1.16 1.0949929
1.162 1.088387
1.164 1.0819686
1.166 1.0757435
1.168 1.0697172
1.17 1.063895
1.172 1.0582823
1.174 1.0528841
1.176 1.0477055
1.178 1.0427514
1.18 1.0380266
1.182 1.0335355
1.184 1.0292827
1.186 1.0252726
1.188 1.0215091
1.19 1.0179963
1.192 1.0147381
1.194 1.0117381
1.196 1.0089999
1.198 1.0065266
1.2 1.0043216
1.202 1.0023877
1.204 1.0007277
1.206 0.99934433
1.208 0.99823992
1.21 0.99741673
1.212 0.99687679
1.214 0.99662195
1.216 0.99665386
1.218 0.99697397
1.22 0.99758353
1.222 0.99848358
1.224 0.99967498
1.226 1.0011583
1.228 1.0029341
1.23 1.0050025
1.232 1.0073635
1.234 1.0100169
1.236 1.0129622
1.238 1.0161989
1.24 1.0197261
1.242 1.0235427
1.244 1.0276475
1.246 1.0320388
1.248 1.036715
1.25 1.0416742
1.252 1.0469141
1.254 1.0524324
1.256 1.0582265
1.258 1.0642935
1.26 1.0706305
1.262 1.0772341
1.264 1.0841009
1.266 1.0912272
1.268 1.098609
1.27 1.1062423
1.272 1.1141228
1.274 1.1222458
1.276 1.1306066
1.278 1.1392003
1.28 1.1480217
1.282 1.1570654
1.284 1.1663259
1.286 1.1757974
1.288 1.1854738
1.29 1.1953491
1.292 1.205417
1.294 1.2156707
1.296 1.2261037
1.298 1.2367091
1.3 1.2474796
1.302 1.2584082
1.304 1.2694873
1.306 1.2807093
1.308 1.2920666
1.31 1.3035511
1.312 1.3151548
1.314 1.3268694
1.316 1.3386867
1.318 1.3505981
1.32 1.3625949
1.322 1.3746684
1.324 1.3868096
1.326 1.3990096
1.328 1.4112592
1.33 1.4235492
1.332 1.4358701
1.334 1.4482127
1.336 1.4605672
1.338 1.4729242
1.34 1.4852738
1.342 1.4976064
1.344 1.509912
1.346 1.5221808
1.348 1.5344028
1.35 1.5465679
1.352 1.5586663
1.354 1.5706876
1.356 1.582622
1.358 1.5944591
1.36 1.606189
1.362 1.6178014
1.364 1.6292862
1.366 1.6406333
1.368 1.6518326
1.37 1.6628739
1.372 1.6737473
1.374 1.6844427
1.376 1.6949501
1.378 1.7052597
1.38 1.7153616
1.382 1.7252461
1.384 1.7349034
1.386 1.7443239
1.388 1.7534982
1.39 1.7624168
1.392 1.7710705
1.394 1.7794501
1.396 1.7875466
1.398 1.795351
1.4 1.8028546
1.402 1.8100489
1.404 1.8169253
1.406 1.8234757
1.408 1.8296919
1.41 1.8355661
1.412 1.8410905
1.414 1.8462576
1.416 1.8510601
1.418 1.8554911
1.42 1.8595436
1.422 1.863211
1.424 1.8664869
1.426 1.8693653
1.428 1.8718403
1.43 1.8739063
1.432 1.875558
1.434 1.8767903
1.436 1.8775985
1.438 1.8779781
1.44 1.877925
1.442 1.8774354
1.444 1.8765057
1.446 1.8751327
1.448 1.8733136
1.45 1.8710457
1.452 1.868327
1.454 1.8651556
1.456 1.8615299
1.458 1.8574489
1.46 1.8529118
1.462 1.8479181
1.464 1.8424679
1.466 1.8365615
1.468 1.8301998
1.47 1.8233837
1.472 1.8161149
1.474 1.8083953
1.476 1.8002272
1.478 1.7916133
1.48 1.7825569
1.482 1.7730615
1.484 1.7631311
1.486 1.75277
1.488 1.7419831
1.49 1.7307757
1.492 1.7191534
1.494 1.7071223
1.496 1.694689
1.498 1.6818603
1.5 1.6686437
1.502 1.6550471
1.504 1.6410785
1.506 1.6267468
1.508 1.6120609
1.51 1.5970305
1.512 1.5816655
1.514 1.5659762
1.516 1.5499734
1.518 1.5336684
1.52 1.5170728
1.522 1.5001986
1.524 1.4830582
1.526 1.4656646
1.528 1.448031
1.53 1.4301709
1.532 1.4120985
1.534 1.3938282
1.536 1.3753747
1.538 1.3567533
1.54 1.3379795
1.542 1.319069
1.544 1.3000383
1.546 1.2809038
1.548 1.2616825
1.55 1.2423916
1.552 1.2230486
1.554 1.2036714
1.556 1.1842781
1.558 1.1648871
1.56 1.1455171
1.562 1.1261871
1.564 1.1069162
1.566 1.0877238
1.568 1.0686297
1.57 1.0496536
1.572 1.0308155
1.574 1.0121357
1.576 0.99363463
1.578 0.97533266
1.58 0.9572505
1.582 0.93940891
1.584 0.92182873
1.586 0.90453092
1.588 0.88753644
1.59 0.87086636
1.592 0.85454172
1.594 0.83858358
1.596 0.82301301
1.598 0.80785101
1.6 0.79311855
1.602 0.7788365
1.604 0.76502566
1.606 0.7517067
1.608 0.73890014
1.61 0.72662634
1.612 0.71490548
1.614 0.70375753
1.616 0.69320222
1.618 0.68325903
1.62 0.67394716
1.622 0.66528549
1.624 0.65729261
1.626 0.6499867
1.628 0.64338558
1.63 0.63750669
1.632 0.632367
1.634 0.62798305
1.636 0.62437085
1.638 0.62154597
1.64 0.61952338
1.642 0.61831752
1.644 0.61794219
1.646 0.61841063
1.648 0.61973539
1.65 0.62192838
1.652 0.62500076
1.654 0.62896298
1.656 0.63382478
1.658 0.63959503
1.66 0.64628186
1.662 0.65389251
1.664 0.66243334
1.666 0.67190989
1.668 0.68232671
1.67 0.6936874
1.672 0.70599463
1.674 0.71925004
1.676 0.73345419
1.678 0.74860667
1.68 0.76470593
1.682 0.78174932
1.684 0.79973307
1.686 0.81865225
1.688 0.83850073
1.69 0.85927122
1.692 0.88095511
1.694 0.90354266
1.696 0.92702274
1.698 0.95138301
1.7 0.97660977
1.702 1.002688
1.704 1.0296013
1.706 1.057332
1.708 1.0858609
1.71 1.1151674
1.712 1.1452297
1.714 1.1760243
1.716 1.2075264
1.718 1.2397097
1.72 1.2725464
1.722 1.3060073
1.724 1.3400616
1.726 1.3746772
1.728 1.4098204
1.73 1.4454558
1.732 1.481547
1.734 1.5180555
1.736 1.5549418
1.738 1.5921646
1.74 1.6296814
1.742 1.6674478
1.744 1.7054184
1.746 1.743546
1.748 1.7817821
1.75 1.8200769
1.752 1.8583789
1.754 1.8966355
1.756 1.9347926
1.758 1.9727948
1.76 2.0105854
1.762 2.0481065
1.764 2.0852989
1.766 2.1221022
1.768 2.1584549
1.77 2.1942943
1.772 2.2295569
1.774 2.2641781
1.776 2.298092
1.778 2.3312324
1.78 2.363532
1.782 2.3949226
1.784 2.4253356
1.786 2.4547016
1.788 2.482951
1.79 2.5100133
1.792 2.535818
1.794 2.5602943
1.796 2.5833712
1.798 2.6049777
1.8 2.6250428
1.802 2.6434957
1.804 2.6602661
1.806 2.6752837
1.808 2.6884793
1.81 2.699784
1.812 2.7091299
1.814 2.7164501
1.816 2.7216789
1.818 2.7247517
1.82 2.7256056
1.822 2.7241793
1.824 2.7204135
1.826 2.7142505
1.828 2.7056355
1.83 2.6945154
1.832 2.6808404
1.834 2.6645632
1.836 2.6456398
1.838 2.6240294
1.84 2.5996949
1.842 2.5726031
1.844 2.5427246
1.846 2.510035
1.848 2.4745139
1.85 2.4361463
1.852 2.3949225
1.854 2.3508379
1.856 2.3038944
1.858 2.2540999
1.86 2.2014686
1.862 2.1460223
1.864 2.0877893
1.866 2.0268064
1.868 1.9631178
1.87 1.8967766
1.872 1.8278445
1.874 1.7563929
1.876 1.6825026
1.878 1.6062647
1.88 1.527781
1.882 1.4471646
1.884 1.36454
1.886 1.2800441
1.888 1.1938261
1.89 1.1060489
1.892 1.0168889
1.894 0.92653674
1.896 0.83519815
1.898 0.74309434
1.9 0.6504626
1.902 0.55755698
1.904 0.46464898
1.906 0.37202808
1.908 0.28000265
1.91 0.18890047
1.912 0.099069336
1.914 0.010878242
1.916 -0.07528243
1.918 -0.15899971
1.92 -0.23983734
1.922 -0.31733513
1.924 -0.39100797
1.926 -0.46034492
1.928 -0.52480849
1.93 -0.58383363
1.932 -0.63682687
1.934 -0.6831653
1.936 -0.7221957
1.938 -0.75323354
1.94 -0.77556177
1.942 -0.78843006
1.944 -0.79105354
1.946 -0.78261191
1.948 -0.76224807
1.95 -0.72906719
1.952 -0.68213548
1.954 -0.62047886
1.956 -0.54308206
1.958 -0.4488871
1.96 -0.33679202
1.962 -0.2056497
1.964 -0.054266579
1.966 0.11859892
1.968 0.31423771
1.97 0.53399127
1.972 0.77925336
1.974 1.0514714
1.976 1.3521479
1.978 1.6828422
1.98 2.045172
1.982 2.4408147
1.984 2.8715095
1.986 3.3390588
1.988 3.8453301
1.99 4.3922576
1.992 4.9818438
1.994 5.6161621
1.996 6.2973576
1.998 7.0276502
2 7.8093353
