0 2.7424155
0.002 2.6342812
0.004 2.5294826
0.006 2.4279597
0.008 2.3296527
0.01 2.2345028
0.012 2.1424515
0.014 2.0534413
0.016 1.9674149
0.018 1.884316
0.02 1.8040886
0.022 1.7266777
0.024 1.6520285
0.026 1.5800872
0.028 1.5108003
0.03 1.444115
0.032 1.3799793
0.034 1.3183415
0.036 1.2591506
0.038 1.2023564
0.04 1.1479091
0.042 1.0957594
0.044 1.0458588
0.046 0.99815925
0.048 0.95261339
0.05 0.90917433
0.052 0.86779582
0.054 0.82843216
0.056 0.79103822
0.058 0.75556945
0.06 0.72198185
0.062 0.69023198
0.064 0.66027698
0.066 0.6320745
0.068 0.6055828
0.07 0.58076063
0.072 0.55756732
0.074 0.53596274
0.076 0.51590727
0.078 0.49736186
0.08 0.48028798
0.082 0.46464761
0.084 0.45040327
0.086 0.43751801
0.088 0.42595539
0.09 0.41567947
0.092 0.40665485
0.094 0.39884662
0.096 0.39222038
0.098 0.38674222
0.1 0.38237875
0.102 0.37909705
0.104 0.37686472
0.106 0.37564981
0.108 0.3754209
0.11 0.37614701
0.112 0.37779766
0.114 0.38034284
0.116 0.383753
0.118 0.38799907
0.12 0.39305245
0.122 0.39888498
0.124 0.40546896
0.126 0.41277715
0.128 0.42078277
0.13 0.42945947
0.132 0.43878135
0.134 0.44872293
0.136 0.4592592
0.138 0.47036555
0.14 0.48201783
0.142 0.49419228
0.144 0.50686558
0.146 0.52001484
0.148 0.53361756
0.15 0.54765167
0.152 0.56209548
0.154 0.57692775
0.156 0.59212759
0.158 0.60767455
0.16 0.62354853
0.162 0.63972986
0.164 0.65619924
0.166 0.67293774
0.168 0.68992683
0.17 0.70714835
0.172 0.72458449
0.174 0.74221784
0.176 0.76003135
0.178 0.7780083
0.18 0.79613237
0.182 0.81438758
0.184 0.83275827
0.186 0.85122919
0.188 0.86978537
0.19 0.88841222
0.192 0.90709548
0.194 0.92582121
0.196 0.94457582
0.198 0.96334603
0.2 0.98211889
0.202 1.0008818
0.204 1.0196224
0.206 1.0383286
0.208 1.056989
0.21 1.0755919
0.212 1.0941264
0.214 1.1125816
0.216 1.1309471
0.218 1.1492127
0.22 1.1673684
0.222 1.1854047
0.224 1.2033122
0.226 1.2210819
0.228 1.2387049
0.23 1.2561728
0.232 1.2734773
0.234 1.2906104
0.236 1.3075644
0.238 1.3243319
0.24 1.3409057
0.242 1.3572787
0.244 1.3734444
0.246 1.3893963
0.248 1.4051281
0.25 1.4206339
0.252 1.4359079
0.254 1.4509447
0.256 1.465739
0.258 1.4802858
0.26 1.4945801
0.262 1.5086175
0.264 1.5223935
0.266 1.535904
0.268 1.549145
0.27 1.5621128
0.272 1.5748038
0.274 1.5872146
0.276 1.5993423
0.278 1.6111837
0.28 1.6227362
0.282 1.6339971
0.284 1.6449642
0.286 1.6556351
0.288 1.666008
0.29 1.6760809
0.292 1.6858522
0.294 1.6953205
0.296 1.7044843
0.298 1.7133427
0.3 1.7218944
0.302 1.7301388
0.304 1.7380752
0.306 1.745703
0.308 1.7530219
0.31 1.7600317
0.312 1.7667323
0.314 1.7731238
0.316 1.7792064
0.318 1.7849804
0.32 1.7904464
0.322 1.795605
0.324 1.8004569
0.326 1.8050031
0.328 1.8092445
0.33 1.8131822
0.332 1.8168176
0.334 1.8201519
0.336 1.8231867
0.338 1.8259236
0.34 1.8283642
0.342 1.8305104
0.344 1.8323641
0.346 1.8339273
0.348 1.8352022
0.35 1.8361908
0.352 1.8368957
0.354 1.8373191
0.356 1.8374636
0.358 1.8373317
0.36 1.8369261
0.362 1.8362495
0.364 1.8353048
0.366 1.834095
0.368 1.8326229
0.37 1.8308916
0.372 1.8289043
0.374 1.8266641
0.376 1.8241744
0.378 1.8214384
0.38 1.8184596
0.382 1.8152415
0.384 1.8117874
0.386 1.808101
0.388 1.804186
0.39 1.800046
0.392 1.7956847
0.394 1.7911059
0.396 1.7863135
0.398 1.7813113
0.4 1.7761031
0.402 1.7706931
0.404 1.7650851
0.406 1.7592832
0.408 1.7532914
0.41 1.7471139
0.412 1.7407548
0.414 1.7342182
0.416 1.7275083
0.418 1.7206293
0.42 1.7135855
0.422 1.7063811
0.424 1.6990203
0.426 1.6915076
0.428 1.6838471
0.43 1.6760433
0.432 1.6681004
0.434 1.6600228
0.436 1.6518149
0.438 1.6434811
0.44 1.6350257
0.442 1.6264532
0.444 1.6177679
0.446 1.6089741
0.448 1.6000764
0.45 1.5910791
0.452 1.5819866
0.454 1.5728033
0.456 1.5635336
0.458 1.5541818
0.46 1.5447524
0.462 1.5352497
0.464 1.5256781
0.466 1.5160419
0.468 1.5063454
0.47 1.496593
0.472 1.486789
0.474 1.4769376
0.476 1.4670432
0.478 1.45711
0.48 1.4471422
0.482 1.4371441
0.484 1.4271198
0.486 1.4170735
0.488 1.4070094
0.49 1.3969316
0.492 1.3868441
0.494 1.3767511
0.496 1.3666565
0.498 1.3565645
0.5 1.3464789
0.502 1.3364037
0.504 1.3263429
0.506 1.3163003
0.508 1.3062798
0.51 1.2962851
0.512 1.2863201
0.514 1.2763886
0.516 1.2664941
0.518 1.2566404
0.52 1.2468312
0.522 1.2370699
0.524 1.2273602
0.526 1.2177056
0.528 1.2081095
0.53 1.1985753
0.532 1.1891064
0.534 1.1797063
0.536 1.170378
0.538 1.161125
0.54 1.1519504
0.542 1.1428573
0.544 1.1338489
0.546 1.1249282
0.548 1.1160982
0.55 1.107362
0.552 1.0987223
0.554 1.0901821
0.556 1.0817442
0.558 1.0734113
0.56 1.0651862
0.562 1.0570715
0.564 1.0490698
0.566 1.0411837
0.568 1.0334157
0.57 1.0257683
0.572 1.0182437
0.574 1.0108445
0.576 1.0035728
0.578 0.99643086
0.58 0.98942094
0.582 0.98254513
0.584 0.97580549
0.586 0.96920404
0.588 0.96274275
0.59 0.95642351
0.592 0.95024817
0.594 0.94421852
0.596 0.93833631
0.598 0.93260321
0.6 0.92702084
0.602 0.92159077
0.604 0.91631451
0.606 0.91119351
0.608 0.90622916
0.61 0.90142281
0.612 0.89677574
0.614 0.89228918
0.616 0.88796428
0.618 0.88380216
0.62 0.87980388
0.622 0.87597043
0.624 0.87230275
0.626 0.86880173
0.628 0.86546819
0.63 0.86230289
0.632 0.85930657
0.634 0.85647986
0.636 0.85382337
0.638 0.85133765
0.64 0.84902318
0.642 0.84688039
0.644 0.84490966
0.646 0.84311131
0.648 0.8414856
0.65 0.84003275
0.652 0.83875291
0.654 0.83764618
0.656 0.8367126
0.658 0.83595216
0.66 0.83536481
0.662 0.83495043
0.664 0.83470884
0.666 0.83463982
0.668 0.8347431
0.67 0.83501835
0.672 0.83546519
0.674 0.83608318
0.676 0.83687185
0.678 0.83783065
0.68 0.83895901
0.682 0.84025628
0.684 0.84172177
0.686 0.84335477
0.688 0.84515447
0.69 0.84712004
0.692 0.84925061
0.694 0.85154524
0.696 0.85400296
0.698 0.85662274
0.7 0.85940352
0.702 0.86234416
0.704 0.86544352
0.706 0.86870038
0.708 0.8721135
0.71 0.87568157
0.712 0.87940327
0.714 0.88327719
0.716 0.88730193
0.718 0.89147601
0.72 0.89579792
0.722 0.90026612
0.724 0.90487901
0.726 0.90963497
0.728 0.91453232
0.73 0.91956937
0.732 0.92474436
0.734 0.93005551
0.736 0.93550101
0.738 0.94107899
0.74 0.94678757
0.742 0.95262481
0.744 0.95858877
0.746 0.96467744
0.748 0.9708888
0.75 0.97722079
0.752 0.98367131
0.754 0.99023825
0.756 0.99691944
0.758 1.0037127
0.76 1.0106158
0.762 1.0176266
0.764 1.0247427
0.766 1.0319619
0.768 1.0392818
0.77 1.0467001
0.772 1.0542144
0.774 1.0618223
0.776 1.0695214
0.778 1.0773092
0.78 1.0851834
0.782 1.0931413
0.784 1.1011805
0.786 1.1092985
0.788 1.1174926
0.79 1.1257604
0.792 1.1340992
0.794 1.1425065
0.796 1.1509796
0.798 1.1595159
0.8 1.1681127
0.802 1.1767674
0.804 1.1854773
0.806 1.1942397
0.808 1.2030518
0.81 1.2119111
0.812 1.2208147
0.814 1.2297598
0.816 1.2387439
0.818 1.247764
0.82 1.2568175
0.822 1.2659016
0.824 1.2750134
0.826 1.2841503
0.828 1.2933094
0.83 1.3024879
0.832 1.3116831
0.834 1.320892
0.836 1.3301121
0.838 1.3393403
0.84 1.348574
0.842 1.3578103
0.844 1.3670464
0.846 1.3762796
0.848 1.385507
0.85 1.3947258
0.852 1.4039333
0.854 1.4131267
0.856 1.4223031
0.858 1.4314599
0.86 1.4405941
0.862 1.4497032
0.864 1.4587843
0.866 1.4678347
0.868 1.4768516
0.87 1.4858324
0.872 1.4947742
0.874 1.5036745
0.876 1.5125305
0.878 1.5213396
0.88 1.5300991
0.882 1.5388063
0.884 1.5474586
0.886 1.5560534
0.888 1.5645881
0.89 1.5730601
0.892 1.5814668
0.894 1.5898058
0.896 1.5980744
0.898 1.6062702
0.9 1.6143907
0.902 1.6224334
0.904 1.6303958
0.906 1.6382756
0.908 1.6460703
0.91 1.6537776
0.912 1.6613952
0.914 1.6689206
0.916 1.6763516
0.918 1.6836859
0.92 1.6909212
0.922 1.6980554
0.924 1.7050863
0.926 1.7120116
0.928 1.7188293
0.93 1.7255372
0.932 1.7321332
0.934 1.7386154
0.936 1.7449816
0.938 1.75123
0.94 1.7573585
0.942 1.7633653
0.944 1.7692484
0.946 1.775006
0.948 1.7806363
0.95 1.7861375
0.952 1.7915078
0.954 1.7967456
0.956 1.8018491
0.958 1.8068167
0.96 1.8116468
0.962 1.8163379
0.964 1.8208884
0.966 1.8252969
0.968 1.8295618
0.97 1.8336817
0.972 1.8376554
0.974 1.8414814
0.976 1.8451585
0.978 1.8486854
0.98 1.852061
0.982 1.8552839
0.984 1.8583532
0.986 1.8612677
0.988 1.8640264
0.99 1.8666283
0.992 1.8690725
0.994 1.8713579
0.996 1.8734838
0.998 1.8754494
1 1.8772537
1.002 1.8788963
1.004 1.8803762
1.006 1.8816929
1.008 1.8828458
1.01 1.8838343
1.012 1.8846579
1.014 1.8853162
1.016 1.8858088
1.018 1.8861352
1.02 1.8862951
1.022 1.8862884
1.024 1.8861146
1.026 1.8857738
1.028 1.8852656
1.03 1.8845901
1.032 1.8837472
1.034 1.882737
1.036 1.8815593
1.038 1.8802145
1.04 1.8787025
1.042 1.8770237
1.044 1.8751783
1.046 1.8731665
1.048 1.8709887
1.05 1.8686453
1.052 1.8661368
1.054 1.8634636
1.056 1.8606262
1.058 1.8576253
1.06 1.8544615
1.062 1.8511354
1.064 1.8476478
1.066 1.8439995
1.068 1.8401913
1.07 1.836224
1.072 1.8320986
1.074 1.8278161
1.076 1.8233774
1.078 1.8187836
1.08 1.8140359
1.082 1.8091354
1.084 1.8040832
1.086 1.7988807
1.088 1.7935291
1.09 1.7880298
1.092 1.7823842
1.094 1.7765937
1.096 1.7706598
1.098 1.7645839
1.1 1.7583678
1.102 1.7520129
1.104 1.745521
1.106 1.7388938
1.108 1.7321329
1.11 1.7252403
1.112 1.7182177
1.114 1.711067
1.116 1.7037901
1.118 1.696389
1.12 1.6888657
1.122 1.6812223
1.124 1.6734608
1.126 1.6655834
1.128 1.6575922
1.13 1.6494894
1.132 1.6412773
1.134 1.6329582
1.136 1.6245344
1.138 1.6160083
1.14 1.6073822
1.142 1.5986586
1.144 1.58984
1.146 1.5809289
1.148 1.5719278
1.15 1.5628394
1.152 1.5536662
1.154 1.5444108
1.156 1.5350761
1.158 1.5256646
1.16 1.5161792
1.162 1.5066226
1.164 1.4969976
1.166 1.487307
1.168 1.4775539
1.17 1.4677409
1.172 1.4578711
1.174 1.4479475
1.176 1.437973
1.178 1.4279505
1.18 1.4178833
1.182 1.4077742
1.184 1.3976265
1.186 1.3874432
1.188 1.3772274
1.19 1.3669823
1.192 1.3567111
1.194 1.3464169
1.196 1.3361031
1.198 1.3257727
1.2 1.3154292
1.202 1.3050756
1.204 1.2947154
1.206 1.2843519
1.208 1.2739883
1.21 1.2636279
1.212 1.2532743
1.214 1.2429306
1.216 1.2326002
1.218 1.2222866
1.22 1.2119931
1.222 1.2017232
1.224 1.1914802
1.226 1.1812675
1.228 1.1710887
1.23 1.160947
1.232 1.150846
1.234 1.140789
1.236 1.1307795
1.238 1.120821
1.24 1.1109169
1.242 1.1010706
1.244 1.0912855
1.246 1.0815652
1.248 1.071913
1.25 1.0623323
1.252 1.0528267
1.254 1.0433994
1.256 1.034054
1.258 1.0247938
1.26 1.0156222
1.262 1.0065426
1.264 0.99755839
1.266 0.98867291
1.268 0.97988952
1.27 0.97121154
1.272 0.9626423
1.274 0.95418509
1.276 0.94584321
1.278 0.93761992
1.28 0.92951847
1.282 0.92154208
1.284 0.91369396
1.286 0.90597729
1.288 0.89839523
1.29 0.89095092
1.292 0.88364747
1.294 0.87648795
1.296 0.86947542
1.298 0.86261291
1.3 0.85590341
1.302 0.84934989
1.304 0.84295528
1.306 0.83672247
1.308 0.83065433
1.31 0.82475369
1.312 0.81902334
1.314 0.81346603
1.316 0.80808449
1.318 0.80288138
1.32 0.79785935
1.322 0.79302099
1.324 0.78836884
1.326 0.78390541
1.328 0.77963317
1.33 0.77555453
1.332 0.77167186
1.334 0.76798747
1.336 0.76450364
1.338 0.76122258
1.34 0.75814647
1.342 0.75527742
1.344 0.75261749
1.346 0.75016869
1.348 0.74793297
1.35 0.74591223
1.352 0.74410829
1.354 0.74252295
1.356 0.74115791
1.358 0.74001484
1.36 0.73909533
1.362 0.73840091
1.364 0.73793305
1.366 0.73769317
1.368 0.73768258
1.37 0.73790257
1.372 0.73835435
1.374 0.73903903
1.376 0.7399577
1.378 0.74111134
1.38 0.74250088
1.382 0.74412716
1.384 0.74599097
1.386 0.74809301
1.388 0.75043391
1.39 0.75301421
1.392 0.7558344
1.394 0.75889487
1.396 0.76219593
1.398 0.76573784
1.4 0.76952074
1.402 0.77354471
1.404 0.77780976
1.406 0.78231579
1.408 0.78706263
1.41 0.79205004
1.412 0.79727766
1.414 0.80274508
1.416 0.80845178
1.418 0.81439717
1.42 0.82058056
1.422 0.82700118
1.424 0.83365817
1.426 0.84055056
1.428 0.84767732
1.43 0.85503732
1.432 0.86262933
1.434 0.87045203
1.436 0.87850402
1.438 0.88678379
1.44 0.89528975
1.442 0.90402021
1.444 0.91297338
1.446 0.92214739
1.448 0.93154027
1.45 0.94114994
1.452 0.95097424
1.454 0.9610109
1.456 0.97125758
1.458 0.98171182
1.46 0.99237107
1.462 1.0032327
1.464 1.0142939
1.466 1.0255519
1.468 1.0370037
1.47 1.0486463
1.472 1.0604766
1.474 1.0724912
1.476 1.084687
1.478 1.0970604
1.48 1.109608
1.482 1.122326
1.484 1.1352108
1.486 1.1482586
1.488 1.1614653
1.49 1.1748271
1.492 1.1883398
1.494 1.2019992
1.496 1.2158009
1.498 1.2297406
1.5 1.2438138
1.502 1.2580158
1.504 1.272342
1.506 1.2867876
1.508 1.3013477
1.51 1.3160173
1.512 1.3307914
1.514 1.3456648
1.516 1.3606322
1.518 1.3756883
1.52 1.3908276
1.522 1.4060447
1.524 1.4213339
1.526 1.4366895
1.528 1.4521057
1.53 1.4675766
1.532 1.4830964
1.534 1.4986588
1.536 1.5142579
1.538 1.5298873
1.54 1.5455409
1.542 1.5612121
1.544 1.5768947
1.546 1.5925819
1.548 1.6082673
1.55 1.6239441
1.552 1.6396056
1.554 1.655245
1.556 1.6708554
1.558 1.6864298
1.56 1.7019611
1.562 1.7174424
1.564 1.7328663
1.566 1.7482258
1.568 1.7635134
1.57 1.778722
1.572 1.793844
1.574 1.8088721
1.576 1.8237987
1.578 1.8386163
1.58 1.8533173
1.582 1.8678941
1.584 1.8823389
1.586 1.8966441
1.588 1.9108018
1.59 1.9248043
1.592 1.9386438
1.594 1.9523124
1.596 1.9658021
1.598 1.9791052
1.6 1.9922136
1.602 2.0051194
1.604 2.0178146
1.606 2.0302913
1.608 2.0425415
1.61 2.0545571
1.612 2.0663301
1.614 2.0778526
1.616 2.0891166
1.618 2.100114
1.62 2.110837
1.622 2.1212774
1.624 2.1314274
1.626 2.141279
1.628 2.1508244
1.63 2.1600556
1.632 2.1689648
1.634 2.1775443
1.636 2.1857862
1.638 2.1936828
1.64 2.2012266
1.642 2.2084097
1.644 2.2152248
1.646 2.2216643
1.648 2.2277208
1.65 2.233387
1.652 2.2386555
1.654 2.2435192
1.656 2.247971
1.658 2.2520039
1.66 2.255611
1.662 2.2587854
1.664 2.2615205
1.666 2.2638097
1.668 2.2656464
1.67 2.2670245
1.672 2.2679376
1.674 2.2683797
1.676 2.2683449
1.678 2.2678273
1.68 2.2668215
1.682 2.2653217
1.684 2.2633229
1.686 2.2608199
1.688 2.2578076
1.69 2.2542815
1.692 2.2502368
1.694 2.2456692
1.696 2.2405747
1.698 2.2349491
1.7 2.2287889
1.702 2.2220905
1.704 2.2148506
1.706 2.2070663
1.708 2.1987348
1.71 2.1898535
1.712 2.1804203
1.714 2.1704332
1.716 2.1598905
1.718 2.1487909
1.72 2.1371331
1.722 2.1249165
1.724 2.1121406
1.726 2.0988053
1.728 2.0849107
1.73 2.0704573
1.732 2.0554461
1.734 2.0398783
1.736 2.0237556
1.738 2.0070799
1.74 1.9898535
1.742 1.9720794
1.744 1.9537606
1.746 1.9349009
1.748 1.9155041
1.75 1.8955749
1.752 1.8751181
1.754 1.854139
1.756 1.8326437
1.758 1.8106383
1.76 1.7881297
1.762 1.7651253
1.764 1.7416329
1.766 1.7176607
1.768 1.6932178
1.77 1.6683136
1.772 1.6429581
1.774 1.6171618
1.776 1.5909359
1.778 1.5642921
1.78 1.5372429
1.782 1.5098012
1.784 1.4819806
1.786 1.4537953
1.788 1.4252603
1.79 1.3963912
1.792 1.3672042
1.794 1.3377163
1.796 1.3079451
1.798 1.2779092
1.8 1.2476275
1.802 1.21712
1.804 1.1864073
1.806 1.155511
1.808 1.1244531
1.81 1.0932569
1.812 1.061946
1.814 1.0305453
1.816 0.99908031
1.818 0.96757744
1.82 0.93606402
1.822 0.90456828
1.824 0.87311935
1.826 0.84174729
1.828 0.81048314
1.83 0.77935887
1.832 0.74840745
1.834 0.71766285
1.836 0.68716006
1.838 0.65693509
1.84 0.627025
1.842 0.59746794
1.844 0.56830312
1.846 0.53957088
1.848 0.51131264
1.85 0.483571
1.852 0.45638971
1.854 0.42981369
1.856 0.40388904
1.858 0.37866311
1.86 0.35418446
1.862 0.33050291
1.864 0.30766954
1.866 0.28573675
1.868 0.26475824
1.87 0.24478902
1.872 0.2258855
1.874 0.20810542
1.876 0.19150794
1.878 0.17615363
1.88 0.1621045
1.882 0.14942402
1.884 0.13817712
1.886 0.12843027
1.888 0.12025143
1.89 0.11371013
1.892 0.10887746
1.894 0.1058261
1.896 0.10463035
1.898 0.10536615
1.9 0.1081111
1.902 0.11294449
1.904 0.11994731
1.906 0.12920229
1.908 0.14079392
1.91 0.15480847
1.912 0.17133403
1.914 0.1904605
1.916 0.21227967
1.918 0.23688517
1.92 0.26437259
1.922 0.29483942
1.924 0.32838512
1.926 0.36511115
1.928 0.40512098
1.93 0.44852011
1.932 0.49541614
1.934 0.54591873
1.936 0.60013969
1.938 0.65819299
1.94 0.72019475
1.942 0.78626333
1.944 0.85651932
1.946 0.93108558
1.948 1.0100873
1.95 1.0936518
1.952 1.1819092
1.954 1.2749915
1.956 1.3730334
1.958 1.476172
1.96 1.5845469
1.962 1.6983002
1.964 1.8175765
1.966 1.9425229
1.968 2.0732894
1.97 2.2100283
1.972 2.3528948
1.974 2.5020467
1.976 2.6576445
1.978 2.8198516
1.98 2.9888341
1.982 3.164761
1.984 3.3478041
1.986 3.5381382
1.988 3.735941
1.99 3.9413931
1.992 4.1546783
1.994 4.3759832
1.996 4.6054978
1.998 4.8434149
2 5.0899307
