0 1.4944788
0.002 1.4807279
0.004 1.4671211
0.006 1.4536597
0.008 1.4403451
0.01 1.4271787
0.012 1.4141617
0.014 1.4012954
0.016 1.3885809
0.018 1.3760193
0.02 1.3636117
0.022 1.3513592
0.024 1.3392627
0.026 1.3273231
0.028 1.3155413
0.03 1.3039182
0.032 1.2924545
0.034 1.281151
0.036 1.2700083
0.038 1.2590271
0.04 1.2482081
0.042 1.2375518
0.044 1.2270586
0.046 1.2167292
0.048 1.2065639
0.05 1.1965631
0.052 1.1867272
0.054 1.1770566
0.056 1.1675514
0.058 1.1582119
0.06 1.1490383
0.062 1.1400309
0.064 1.1311896
0.066 1.1225147
0.068 1.1140061
0.07 1.1056639
0.072 1.0974881
0.074 1.0894786
0.076 1.0816353
0.078 1.0739582
0.08 1.066447
0.082 1.0591016
0.084 1.0519217
0.086 1.0449072
0.088 1.0380577
0.09 1.0313729
0.092 1.0248525
0.094 1.0184961
0.096 1.0123034
0.098 1.0062738
0.1 1.000407
0.102 0.99470248
0.104 0.98915968
0.106 0.98377809
0.108 0.97855716
0.11 0.97349628
0.112 0.96859485
0.114 0.96385223
0.116 0.95926775
0.118 0.95484073
0.12 0.95057045
0.122 0.94645617
0.124 0.94249715
0.126 0.93869259
0.128 0.93504171
0.13 0.93154366
0.132 0.92819761
0.134 0.92500269
0.136 0.92195801
0.138 0.91906268
0.14 0.91631575
0.142 0.91371629
0.144 0.91126333
0.146 0.9089559
0.148 0.90679298
0.15 0.90477356
0.152 0.90289662
0.154 0.90116108
0.156 0.8995659
0.158 0.89810998
0.16 0.89679221
0.162 0.8956115
0.164 0.89456671
0.166 0.89365668
0.168 0.89288027
0.17 0.8922363
0.172 0.89172359
0.174 0.89134092
0.176 0.8910871
0.178 0.8909609
0.18 0.89096108
0.182 0.89108639
0.184 0.89133558
0.186 0.89170736
0.188 0.89220046
0.19 0.89281359
0.192 0.89354545
0.194 0.89439471
0.196 0.89536007
0.198 0.89644019
0.2 0.89763373
0.202 0.89893934
0.204 0.90035568
0.206 0.90188136
0.208 0.90351502
0.21 0.90525529
0.212 0.90710078
0.214 0.90905009
0.216 0.91110183
0.218 0.91325458
0.22 0.91550695
0.222 0.91785752
0.224 0.92030486
0.226 0.92284754
0.228 0.92548415
0.23 0.92821323
0.232 0.93103336
0.234 0.93394309
0.236 0.93694097
0.238 0.94002555
0.24 0.94319538
0.242 0.94644901
0.244 0.94978498
0.246 0.95320182
0.248 0.95669807
0.25 0.96027227
0.252 0.96392296
0.254 0.96764867
0.256 0.97144792
0.258 0.97531925
0.26 0.9792612
0.262 0.98327229
0.264 0.98735105
0.266 0.99149601
0.268 0.99570571
0.27 0.99997868
0.272 1.0043134
0.274 1.0087085
0.276 1.0131625
0.278 1.0176739
0.28 1.0222412
0.282 1.026863
0.284 1.0315378
0.286 1.0362642
0.288 1.0410407
0.29 1.0458659
0.292 1.0507383
0.294 1.0556564
0.296 1.0606189
0.298 1.0656243
0.3 1.0706712
0.302 1.0757581
0.304 1.0808836
0.306 1.0860463
0.308 1.0912448
0.31 1.0964776
0.312 1.1017434
0.314 1.1070408
0.316 1.1123683
0.318 1.1177246
0.32 1.1231082
0.322 1.1285179
0.324 1.1339521
0.326 1.1394097
0.328 1.1448891
0.33 1.1503891
0.332 1.1559082
0.334 1.1614452
0.336 1.1669987
0.338 1.1725674
0.34 1.1781499
0.342 1.183745
0.344 1.1893514
0.346 1.1949676
0.348 1.2005925
0.35 1.2062248
0.352 1.2118632
0.354 1.2175063
0.356 1.2231531
0.358 1.2288021
0.36 1.2344522
0.362 1.2401021
0.364 1.2457506
0.366 1.2513964
0.368 1.2570385
0.37 1.2626755
0.372 1.2683063
0.374 1.2739297
0.376 1.2795445
0.378 1.2851496
0.38 1.2907438
0.382 1.296326
0.384 1.301895
0.386 1.3074497
0.388 1.312989
0.39 1.3185117
0.392 1.3240169
0.394 1.3295034
0.396 1.3349701
0.398 1.3404161
0.4 1.3458401
0.402 1.3512412
0.404 1.3566184
0.406 1.3619706
0.408 1.3672968
0.41 1.372596
0.412 1.3778673
0.414 1.3831096
0.416 1.388322
0.418 1.3935036
0.42 1.3986533
0.422 1.4037703
0.424 1.4088537
0.426 1.4139024
0.428 1.4189157
0.43 1.4238927
0.432 1.4288324
0.434 1.4337341
0.436 1.4385968
0.438 1.4434197
0.44 1.448202
0.442 1.4529429
0.444 1.4576416
0.446 1.4622972
0.448 1.466909
0.45 1.4714763
0.452 1.4759983
0.454 1.4804741
0.456 1.4849032
0.458 1.4892848
0.46 1.4936181
0.462 1.4979025
0.464 1.5021373
0.466 1.5063219
0.468 1.5104555
0.47 1.5145375
0.472 1.5185673
0.474 1.5225443
0.476 1.5264679
0.478 1.5303374
0.48 1.5341523
0.482 1.537912
0.484 1.541616
0.486 1.5452636
0.488 1.5488545
0.49 1.5523879
0.492 1.5558636
0.494 1.5592808
0.496 1.5626393
0.498 1.5659384
0.5 1.5691777
0.502 1.5723569
0.504 1.5754754
0.506 1.5785328
0.508 1.5815288
0.51 1.5844629
0.512 1.5873347
0.514 1.5901439
0.516 1.5928901
0.518 1.595573
0.52 1.5981923
0.522 1.6007475
0.524 1.6032385
0.526 1.6056649
0.528 1.6080264
0.53 1.6103228
0.532 1.6125538
0.534 1.6147191
0.536 1.6168186
0.538 1.6188519
0.54 1.620819
0.542 1.6227196
0.544 1.6245534
0.546 1.6263204
0.548 1.6280204
0.55 1.6296532
0.552 1.6312188
0.554 1.6327168
0.556 1.6341474
0.558 1.6355103
0.56 1.6368055
0.562 1.6380329
0.564 1.6391924
0.566 1.640284
0.568 1.6413076
0.57 1.6422633
0.572 1.643151
0.574 1.6439706
0.576 1.6447223
0.578 1.6454059
0.58 1.6460217
0.582 1.6465695
0.584 1.6470494
0.586 1.6474616
0.588 1.6478061
0.59 1.6480829
0.592 1.6482922
0.594 1.6484341
0.596 1.6485087
0.598 1.6485161
0.6 1.6484565
0.602 1.6483301
0.604 1.6481369
0.606 1.6478772
0.608 1.6475512
0.61 1.647159
0.612 1.6467009
0.614 1.646177
0.616 1.6455877
0.618 1.6449331
0.62 1.6442136
0.622 1.6434293
0.624 1.6425805
0.626 1.6416675
0.628 1.6406907
0.63 1.6396502
0.632 1.6385465
0.634 1.6373798
0.636 1.6361504
0.638 1.6348588
0.64 1.6335052
0.642 1.6320901
0.644 1.6306137
0.646 1.6290765
0.648 1.6274789
0.65 1.6258212
0.652 1.6241038
0.654 1.6223273
0.656 1.6204919
0.658 1.6185981
0.66 1.6166465
0.662 1.6146373
0.664 1.6125712
0.666 1.6104484
0.668 1.6082697
0.67 1.6060353
0.672 1.6037458
0.674 1.6014017
0.676 1.5990036
0.678 1.5965519
0.68 1.5940472
0.682 1.5914899
0.684 1.5888807
0.686 1.5862201
0.688 1.5835086
0.69 1.5807469
0.692 1.5779354
0.694 1.5750748
0.696 1.5721656
0.698 1.5692085
0.7 1.566204
0.702 1.5631528
0.704 1.5600554
0.706 1.5569125
0.708 1.5537248
0.71 1.5504928
0.712 1.5472171
0.714 1.5438985
0.716 1.5405377
0.718 1.5371351
0.72 1.5336916
0.722 1.5302077
0.724 1.5266843
0.726 1.5231218
0.728 1.5195212
0.73 1.5158829
0.732 1.5122078
0.734 1.5084965
0.736 1.5047498
0.738 1.5009683
0.74 1.4971528
0.742 1.493304
0.744 1.4894227
0.746 1.4855095
0.748 1.4815652
0.75 1.4775906
0.752 1.4735864
0.754 1.4695534
0.756 1.4654923
0.758 1.4614038
0.76 1.4572888
0.762 1.453148
0.764 1.4489821
0.766 1.4447921
0.768 1.4405785
0.77 1.4363423
0.772 1.4320841
0.774 1.4278049
0.776 1.4235053
0.778 1.4191862
0.78 1.4148484
0.782 1.4104927
0.784 1.4061198
0.786 1.4017306
0.788 1.3973259
0.79 1.3929065
0.792 1.3884732
0.794 1.3840268
0.796 1.3795682
0.798 1.3750981
0.8 1.3706174
0.802 1.3661269
0.804 1.3616274
0.806 1.3571197
0.808 1.3526047
0.81 1.3480832
0.812 1.343556
0.814 1.339024
0.816 1.3344879
0.818 1.3299487
0.82 1.3254071
0.822 1.3208639
0.824 1.31632
0.826 1.3117763
0.828 1.3072335
0.83 1.3026925
0.832 1.2981541
0.834 1.2936191
0.836 1.2890885
0.838 1.2845629
0.84 1.2800432
0.842 1.2755303
0.844 1.271025
0.846 1.2665282
0.848 1.2620405
0.85 1.2575629
0.852 1.2530962
0.854 1.2486412
0.856 1.2441987
0.858 1.2397696
0.86 1.2353546
0.862 1.2309546
0.864 1.2265703
0.866 1.2222027
0.868 1.2178525
0.87 1.2135204
0.872 1.2092074
0.874 1.2049142
0.876 1.2006416
0.878 1.1963904
0.88 1.1921614
0.882 1.1879553
0.884 1.1837731
0.886 1.1796154
0.888 1.175483
0.89 1.1713767
0.892 1.1672974
0.894 1.1632456
0.896 1.1592223
0.898 1.1552282
0.9 1.151264
0.902 1.1473304
0.904 1.1434284
0.906 1.1395585
0.908 1.1357215
0.91 1.1319181
0.912 1.1281492
0.914 1.1244154
0.916 1.1207174
0.918 1.117056
0.92 1.1134318
0.922 1.1098456
0.924 1.1062981
0.926 1.1027899
0.928 1.0993218
0.93 1.0958945
0.932 1.0925086
0.934 1.0891647
0.936 1.0858637
0.938 1.082606
0.94 1.0793925
0.942 1.0762236
0.944 1.0731002
0.946 1.0700227
0.948 1.0669919
0.95 1.0640084
0.952 1.0610727
0.954 1.0581856
0.956 1.0553475
0.958 1.0525591
0.96 1.049821
0.962 1.0471338
0.964 1.044498
0.966 1.0419142
0.968 1.039383
0.97 1.0369049
0.972 1.0344805
0.974 1.0321103
0.976 1.0297948
0.978 1.0275345
0.98 1.0253301
0.982 1.0231819
0.984 1.0210905
0.986 1.0190563
0.988 1.0170799
0.99 1.0151617
0.992 1.0133022
0.994 1.0115019
0.996 1.0097611
0.998 1.0080803
1 1.00646
1.002 1.0049006
1.004 1.0034025
1.006 1.001966
1.008 1.0005917
1.01 0.99927978
1.012 0.99803074
1.014 0.99684491
1.016 0.99572265
1.018 0.9946643
1.02 0.99367021
1.022 0.9927407
1.024 0.99187608
1.026 0.99107668
1.028 0.99034278
1.03 0.98967468
1.032 0.98907266
1.034 0.98853698
1.036 0.9880679
1.038 0.98766567
1.04 0.98733053
1.042 0.98706271
1.044 0.98686242
1.046 0.98672988
1.048 0.98666527
1.05 0.9866688
1.052 0.98674062
1.054 0.9868809
1.056 0.98708981
1.058 0.98736748
1.06 0.98771405
1.062 0.98812964
1.064 0.98861435
1.066 0.98916829
1.068 0.98979155
1.07 0.99048421
1.072 0.99124632
1.074 0.99207796
1.076 0.99297915
1.078 0.99394994
1.08 0.99499035
1.082 0.99610038
1.084 0.99728004
1.086 0.99852931
1.088 0.99984817
1.09 1.0012366
1.092 1.0026945
1.094 1.0042219
1.096 1.0058186
1.098 1.0074847
1.1 1.0092199
1.102 1.0110242
1.104 1.0128976
1.106 1.0148397
1.108 1.0168506
1.11 1.0189301
1.112 1.0210779
1.114 1.023294
1.116 1.025578
1.118 1.02793
1.12 1.0303495
1.122 1.0328364
1.124 1.0353905
1.126 1.0380115
1.128 1.0406992
1.13 1.0434532
1.132 1.0462733
1.134 1.0491593
1.136 1.0521107
1.138 1.0551273
1.14 1.0582088
1.142 1.0613547
1.144 1.0645648
1.146 1.0678387
1.148 1.071176
1.15 1.0745762
1.152 1.0780391
1.154 1.0815641
1.156 1.085151
1.158 1.0887991
1.16 1.0925081
1.162 1.0962775
1.164 1.1001068
1.166 1.1039955
1.168 1.1079432
1.17 1.1119493
1.172 1.1160134
1.174 1.1201347
1.176 1.1243129
1.178 1.1285474
1.18 1.1328375
1.182 1.1371828
1.184 1.1415825
1.186 1.1460361
1.188 1.1505431
1.19 1.1551027
1.192 1.1597143
1.194 1.1643772
1.196 1.1690909
1.198 1.1738545
1.2 1.1786675
1.202 1.1835291
1.204 1.1884386
1.206 1.1933954
1.208 1.1983985
1.21 1.2034474
1.212 1.2085413
1.214 1.2136793
1.216 1.2188608
1.218 1.2240849
1.22 1.2293508
1.222 1.2346577
1.224 1.2400048
1.226 1.2453912
1.228 1.2508162
1.23 1.2562788
1.232 1.2617782
1.234 1.2673135
1.236 1.2728838
1.238 1.2784883
1.24 1.284126
1.242 1.289796
1.244 1.2954973
1.246 1.3012291
1.248 1.3069904
1.25 1.3127803
1.252 1.3185976
1.254 1.3244416
1.256 1.3303112
1.258 1.3362053
1.26 1.3421231
1.262 1.3480634
1.264 1.3540253
1.266 1.3600077
1.268 1.3660095
1.27 1.3720298
1.272 1.3780675
1.274 1.3841214
1.276 1.3901905
1.278 1.3962738
1.28 1.4023701
1.282 1.4084783
1.284 1.4145973
1.286 1.420726
1.288 1.4268633
1.29 1.433008
1.292 1.4391589
1.294 1.445315
1.296 1.451475
1.298 1.4576379
1.3 1.4638023
1.302 1.4699672
1.304 1.4761314
1.306 1.4822936
1.308 1.4884527
1.31 1.4946074
1.312 1.5007566
1.314 1.5068989
1.316 1.5130333
1.318 1.5191584
1.32 1.525273
1.322 1.5313759
1.324 1.5374658
1.326 1.5435415
1.328 1.5496016
1.33 1.5556451
1.332 1.5616704
1.334 1.5676765
1.336 1.573662
1.338 1.5796256
1.34 1.5855661
1.342 1.5914821
1.344 1.5973724
1.346 1.6032357
1.348 1.6090706
1.35 1.6148758
1.352 1.6206501
1.354 1.6263921
1.356 1.6321006
1.358 1.6377741
1.36 1.6434115
1.362 1.6490113
1.364 1.6545722
1.366 1.660093
1.368 1.6655722
1.37 1.6710086
1.372 1.6764009
1.374 1.6817477
1.376 1.6870476
1.378 1.6922994
1.38 1.6975018
1.382 1.7026533
1.384 1.7077527
1.386 1.7127987
1.388 1.7177898
1.39 1.7227249
1.392 1.7276025
1.394 1.7324214
1.396 1.7371801
1.398 1.7418775
1.4 1.7465122
1.402 1.7510828
1.404 1.7555881
1.406 1.7600268
1.408 1.7643975
1.41 1.7686989
1.412 1.7729298
1.414 1.7770888
1.416 1.7811747
1.418 1.7851862
1.42 1.789122
1.422 1.7929808
1.424 1.7967614
1.426 1.8004625
1.428 1.8040828
1.43 1.8076211
1.432 1.8110762
1.434 1.8144467
1.436 1.8177316
1.438 1.8209295
1.44 1.8240392
1.442 1.8270596
1.444 1.8299894
1.446 1.8328274
1.448 1.8355726
1.45 1.8382236
1.452 1.8407794
1.454 1.8432387
1.456 1.8456005
1.458 1.8478637
1.46 1.850027
1.462 1.8520894
1.464 1.8540498
1.466 1.8559071
1.468 1.8576603
1.47 1.8593082
1.472 1.8608499
1.474 1.8622843
1.476 1.8636104
1.478 1.8648271
1.48 1.8659336
1.482 1.8669287
1.484 1.8678116
1.486 1.8685814
1.488 1.869237
1.49 1.8697776
1.492 1.8702022
1.494 1.8705101
1.496 1.8707002
1.498 1.8707719
1.5 1.8707242
1.502 1.8705564
1.504 1.8702677
1.506 1.8698573
1.508 1.8693244
1.51 1.8686684
1.512 1.8678884
1.514 1.8669839
1.516 1.8659542
1.518 1.8647986
1.52 1.8635165
1.522 1.8621073
1.524 1.8605704
1.526 1.8589053
1.528 1.8571114
1.53 1.8551883
1.532 1.8531354
1.534 1.8509524
1.536 1.8486387
1.538 1.846194
1.54 1.8436179
1.542 1.8409101
1.544 1.8380701
1.546 1.8350979
1.548 1.831993
1.55 1.8287552
1.552 1.8253843
1.554 1.8218803
1.556 1.8182428
1.558 1.8144718
1.56 1.8105672
1.562 1.806529
1.564 1.8023571
1.566 1.7980515
1.568 1.7936123
1.57 1.7890396
1.572 1.7843335
1.574 1.7794941
1.576 1.7745216
1.578 1.7694162
1.58 1.7641782
1.582 1.7588079
1.584 1.7533056
1.586 1.7476717
1.588 1.7419065
1.59 1.7360105
1.592 1.7299842
1.594 1.7238282
1.596 1.7175429
1.598 1.711129
1.6 1.7045872
1.602 1.6979181
1.604 1.6911224
1.606 1.6842009
1.608 1.6771545
1.61 1.6699839
1.612 1.6626902
1.614 1.6552742
1.616 1.647737
1.618 1.6400796
1.62 1.6323031
1.622 1.6244086
1.624 1.6163973
1.626 1.6082704
1.628 1.6000293
1.63 1.5916753
1.632 1.5832097
1.634 1.574634
1.636 1.5659498
1.638 1.5571584
1.64 1.5482615
1.642 1.5392609
1.644 1.5301581
1.646 1.5209549
1.648 1.5116532
1.65 1.5022548
1.652 1.4927617
1.654 1.4831758
1.656 1.4734991
1.658 1.4637339
1.66 1.4538822
1.662 1.4439462
1.664 1.4339283
1.666 1.4238308
1.668 1.413656
1.67 1.4034066
1.672 1.3930849
1.674 1.3826937
1.676 1.3722354
1.678 1.361713
1.68 1.3511292
1.682 1.3404868
1.684 1.3297887
1.686 1.319038
1.688 1.3082378
1.69 1.2973911
1.692 1.2865012
1.694 1.2755713
1.696 1.2646049
1.698 1.2536052
1.7 1.2425759
1.702 1.2315205
1.704 1.2204426
1.706 1.2093459
1.708 1.1982343
1.71 1.1871116
1.712 1.1759818
1.714 1.1648488
1.716 1.1537169
1.718 1.1425902
1.72 1.1314729
1.722 1.1203695
1.724 1.1092843
1.726 1.0982219
1.728 1.0871868
1.73 1.0761839
1.732 1.0652177
1.734 1.0542932
1.736 1.0434154
1.738 1.0325892
1.74 1.0218198
1.742 1.0111124
1.744 1.0004723
1.746 0.98990494
1.748 0.97941572
1.75 0.96901025
1.752 0.95869421
1.754 0.94847336
1.756 0.93835357
1.758 0.92834079
1.76 0.91844107
1.762 0.90866057
1.764 0.89900555
1.766 0.88948234
1.768 0.88009741
1.77 0.87085731
1.772 0.86176868
1.774 0.8528383
1.776 0.84407301
1.778 0.8354798
1.78 0.82706572
1.782 0.81883797
1.784 0.81080382
1.786 0.80297068
1.788 0.79534605
1.79 0.78793754
1.792 0.78075288
1.794 0.77379991
1.796 0.76708658
1.798 0.76062095
1.8 0.75441122
1.802 0.74846566
1.804 0.7427927
1.806 0.73740086
1.808 0.7322988
1.81 0.72749529
1.812 0.72299921
1.814 0.71881958
1.816 0.71496552
1.818 0.7114463
1.82 0.7082713
1.822 0.70545002
1.824 0.70299211
1.826 0.70090731
1.828 0.69920552
1.83 0.69789676
1.832 0.69699117
1.834 0.69649905
1.836 0.69643079
1.838 0.69679695
1.84 0.6976082
1.842 0.69887537
1.844 0.70060941
1.846 0.70282141
1.848 0.70552259
1.85 0.70872432
1.852 0.71243812
1.854 0.71667563
1.856 0.72144866
1.858 0.72676913
1.86 0.73264912
1.862 0.73910088
1.864 0.74613677
1.866 0.75376931
1.868 0.76201119
1.87 0.77087521
1.872 0.78037437
1.874 0.79052178
1.876 0.80133072
1.878 0.81281463
1.88 0.82498711
1.882 0.83786189
1.884 0.85145289
1.886 0.86577418
1.888 0.88083996
1.89 0.89666465
1.892 0.91326277
1.894 0.93064905
1.896 0.94883837
1.898 0.96784577
1.9 0.98768645
1.902 1.0083758
1.904 1.0299294
1.906 1.0523629
1.908 1.0756922
1.91 1.0999335
1.912 1.1251029
1.914 1.1512168
1.916 1.1782919
1.918 1.2063448
1.92 1.2353927
1.922 1.2654525
1.924 1.2965416
1.926 1.3286775
1.928 1.3618779
1.93 1.3961606
1.932 1.4315436
1.934 1.4680453
1.936 1.505684
1.938 1.5444783
1.94 1.5844471
1.942 1.6256094
1.944 1.6679843
1.946 1.7115912
1.948 1.7564497
1.95 1.8025796
1.952 1.8500009
1.954 1.8987338
1.956 1.9487986
1.958 2.0002159
1.96 2.0530065
1.962 2.1071914
1.964 2.1627918
1.966 2.2198292
1.968 2.278325
1.97 2.3383013
1.972 2.3997799
1.974 2.4627832
1.976 2.5273337
1.978 2.5934539
1.98 2.6611669
1.982 2.7304957
1.984 2.8014637
1.986 2.8740945
1.988 2.9484117
1.99 3.0244396
1.992 3.1022022
1.994 3.1817241
1.996 3.2630299
1.998 3.3461445
2 3.4310932
