0 0.8797647
0.002 0.88144366
0.004 0.88312021
0.006 0.88479437
0.008 0.88646612
0.01 0.88813546
0.012 0.8898024
0.014 0.89146693
0.016 0.89312906
0.018 0.89478878
0.02 0.8964461
0.022 0.89810102
0.024 0.89975353
0.026 0.90140363
0.028 0.90305133
0.03 0.90469663
0.032 0.90633952
0.034 0.90798001
0.036 0.90961809
0.038 0.91125377
0.04 0.91288704
0.042 0.91451791
0.044 0.91614637
0.046 0.91777243
0.048 0.91939608
0.05 0.92101733
0.052 0.92263618
0.054 0.92425262
0.056 0.92586665
0.058 0.92747828
0.06 0.92908751
0.062 0.93069433
0.064 0.93229874
0.066 0.93390075
0.068 0.93550036
0.07 0.93709756
0.072 0.93869236
0.074 0.94028475
0.076 0.94187474
0.078 0.94346232
0.08 0.9450475
0.082 0.94663027
0.084 0.94821064
0.086 0.94978861
0.088 0.95136417
0.09 0.95293732
0.092 0.95450807
0.094 0.95607642
0.096 0.95764236
0.098 0.95920589
0.1 0.96076703
0.102 0.96232575
0.104 0.96388207
0.106 0.96543599
0.108 0.9669875
0.11 0.96853661
0.112 0.97008332
0.114 0.97162761
0.116 0.97316951
0.118 0.974709
0.12 0.97624608
0.122 0.97778076
0.124 0.97931303
0.126 0.98084291
0.128 0.98237037
0.13 0.98389543
0.132 0.98541809
0.134 0.98693834
0.136 0.98845619
0.138 0.98997163
0.14 0.99148466
0.142 0.9929953
0.144 0.99450352
0.146 0.99600935
0.148 0.99751277
0.15 0.99901378
0.152 1.0005124
0.154 1.0020086
0.156 1.0035024
0.158 1.0049938
0.16 1.0064828
0.162 1.0079694
0.164 1.0094535
0.166 1.0109353
0.168 1.0124147
0.17 1.0138917
0.172 1.0153662
0.174 1.0168384
0.176 1.0183081
0.178 1.0197755
0.18 1.0212404
0.182 1.022703
0.184 1.0241631
0.186 1.0256208
0.188 1.0270761
0.19 1.0285291
0.192 1.0299796
0.194 1.0314277
0.196 1.0328734
0.198 1.0343167
0.2 1.0357576
0.202 1.0371961
0.204 1.0386322
0.206 1.0400659
0.208 1.0414971
0.21 1.042926
0.212 1.0443525
0.214 1.0457765
0.216 1.0471982
0.218 1.0486174
0.22 1.0500343
0.222 1.0514487
0.224 1.0528608
0.226 1.0542704
0.228 1.0556776
0.23 1.0570825
0.232 1.0584849
0.234 1.0598849
0.236 1.0612825
0.238 1.0626777
0.24 1.0640705
0.242 1.0654609
0.244 1.0668489
0.246 1.0682345
0.248 1.0696177
0.25 1.0709985
0.252 1.0723768
0.254 1.0737528
0.256 1.0751264
0.258 1.0764975
0.26 1.0778663
0.262 1.0792326
0.264 1.0805966
0.266 1.0819581
0.268 1.0833173
0.27 1.084674
0.272 1.0860283
0.274 1.0873802
0.276 1.0887298
0.278 1.0900769
0.28 1.0914216
0.282 1.0927639
0.284 1.0941038
0.286 1.0954413
0.288 1.0967764
0.29 1.098109
0.292 1.0994393
0.294 1.1007672
0.296 1.1020927
0.298 1.1034157
0.3 1.1047364
0.302 1.1060546
0.304 1.1073705
0.306 1.1086839
0.308 1.109995
0.31 1.1113036
0.312 1.1126099
0.314 1.1139137
0.316 1.1152151
0.318 1.1165141
0.32 1.1178107
0.322 1.1191049
0.324 1.1203968
0.326 1.1216862
0.328 1.1229731
0.33 1.1242577
0.332 1.1255399
0.334 1.1268197
0.336 1.1280971
0.338 1.1293721
0.34 1.1306446
0.342 1.1319148
0.344 1.1331825
0.346 1.1344479
0.348 1.1357108
0.35 1.1369714
0.352 1.1382295
0.354 1.1394853
0.356 1.1407386
0.358 1.1419895
0.36 1.143238
0.362 1.1444841
0.364 1.1457278
0.366 1.1469692
0.368 1.1482081
0.37 1.1494446
0.372 1.1506786
0.374 1.1519103
0.376 1.1531396
0.378 1.1543665
0.38 1.155591
0.382 1.156813
0.384 1.1580327
0.386 1.1592499
0.388 1.1604648
0.39 1.1616773
0.392 1.1628873
0.394 1.1640949
0.396 1.1653002
0.398 1.166503
0.4 1.1677034
0.402 1.1689014
0.404 1.1700971
0.406 1.1712903
0.408 1.1724811
0.41 1.1736695
0.412 1.1748555
0.414 1.1760391
0.416 1.1772203
0.418 1.178399
0.42 1.1795754
0.422 1.1807494
0.424 1.181921
0.426 1.1830901
0.428 1.1842569
0.43 1.1854212
0.432 1.1865832
0.434 1.1877427
0.436 1.1888999
0.438 1.1900546
0.44 1.1912069
0.442 1.1923569
0.444 1.1935044
0.446 1.1946495
0.448 1.1957922
0.45 1.1969325
0.452 1.1980704
0.454 1.1992059
0.456 1.200339
0.458 1.2014697
0.46 1.202598
0.462 1.2037239
0.464 1.2048474
0.466 1.2059684
0.468 1.2070871
0.47 1.2082034
0.472 1.2093172
0.474 1.2104287
0.476 1.2115377
0.478 1.2126443
0.48 1.2137486
0.482 1.2148504
0.484 1.2159498
0.486 1.2170469
0.488 1.2181415
0.49 1.2192337
0.492 1.2203235
0.494 1.2214109
0.496 1.2224959
0.498 1.2235785
0.5 1.2246587
0.502 1.2257365
0.504 1.2268119
0.506 1.2278848
0.508 1.2289554
0.51 1.2300236
0.512 1.2310893
0.514 1.2321527
0.516 1.2332136
0.518 1.2342722
0.52 1.2353283
0.522 1.2363821
0.524 1.2374334
0.526 1.2384823
0.528 1.2395289
0.53 1.240573
0.532 1.2416147
0.534 1.242654
0.536 1.2436909
0.538 1.2447254
0.54 1.2457575
0.542 1.2467872
0.544 1.2478145
0.546 1.2488394
0.548 1.2498618
0.55 1.2508819
0.552 1.2518996
0.554 1.2529148
0.556 1.2539277
0.558 1.2549382
0.56 1.2559462
0.562 1.2569519
0.564 1.2579551
0.566 1.2589559
0.568 1.2599544
0.57 1.2609504
0.572 1.261944
0.574 1.2629352
0.576 1.263924
0.578 1.2649104
0.58 1.2658944
0.582 1.266876
0.584 1.2678552
0.586 1.268832
0.588 1.2698064
0.59 1.2707784
0.592 1.271748
0.594 1.2727151
0.596 1.2736799
0.598 1.2746422
0.6 1.2756022
0.602 1.2765598
0.604 1.2775149
0.606 1.2784676
0.608 1.279418
0.61 1.2803659
0.612 1.2813114
0.614 1.2822546
0.616 1.2831953
0.618 1.2841336
0.62 1.2850695
0.622 1.286003
0.624 1.2869341
0.626 1.2878628
0.628 1.2887891
0.63 1.289713
0.632 1.2906344
0.634 1.2915535
0.636 1.2924702
0.638 1.2933844
0.64 1.2942963
0.642 1.2952058
0.644 1.2961128
0.646 1.2970175
0.648 1.2979197
0.65 1.2988195
0.652 1.299717
0.654 1.300612
0.656 1.3015046
0.658 1.3023948
0.66 1.3032827
0.662 1.3041681
0.664 1.3050511
0.666 1.3059317
0.668 1.3068099
0.67 1.3076857
0.672 1.308559
0.674 1.30943
0.676 1.3102986
0.678 1.3111648
0.68 1.3120285
0.682 1.3128899
0.684 1.3137489
0.686 1.3146054
0.688 1.3154596
0.69 1.3163113
0.692 1.3171606
0.694 1.3180076
0.696 1.3188521
0.698 1.3196942
0.7 1.3205339
0.702 1.3213713
0.704 1.3222062
0.706 1.3230387
0.708 1.3238688
0.71 1.3246965
0.712 1.3255218
0.714 1.3263446
0.716 1.3271651
0.718 1.3279832
0.72 1.3287989
0.722 1.3296121
0.724 1.330423
0.726 1.3312315
0.728 1.3320375
0.73 1.3328412
0.732 1.3336424
0.734 1.3344413
0.736 1.3352377
0.738 1.3360317
0.74 1.3368233
0.742 1.3376126
0.744 1.3383994
0.746 1.3391838
0.748 1.3399658
0.75 1.3407454
0.752 1.3415226
0.754 1.3422974
0.756 1.3430698
0.758 1.3438398
0.76 1.3446073
0.762 1.3453725
0.764 1.3461353
0.766 1.3468956
0.768 1.3476536
0.77 1.3484092
0.772 1.3491623
0.774 1.3499131
0.776 1.3506614
0.778 1.3514073
0.78 1.3521509
0.782 1.352892
0.784 1.3536307
0.786 1.354367
0.788 1.3551009
0.79 1.3558324
0.792 1.3565615
0.794 1.3572882
0.796 1.3580125
0.798 1.3587344
0.8 1.3594539
0.802 1.360171
0.804 1.3608857
0.806 1.3615979
0.808 1.3623078
0.81 1.3630153
0.812 1.3637203
0.814 1.364423
0.816 1.3651232
0.818 1.3658211
0.82 1.3665165
0.822 1.3672095
0.824 1.3679002
0.826 1.3685884
0.828 1.3692742
0.83 1.3699576
0.832 1.3706386
0.834 1.3713172
0.836 1.3719934
0.838 1.3726672
0.84 1.3733386
0.842 1.3740076
0.844 1.3746742
0.846 1.3753384
0.848 1.3760001
0.85 1.3766595
0.852 1.3773165
0.854 1.377971
0.856 1.3786232
0.858 1.3792729
0.86 1.3799203
0.862 1.3805652
0.864 1.3812077
0.866 1.3818479
0.868 1.3824856
0.87 1.3831209
0.872 1.3837538
0.874 1.3843843
0.876 1.3850124
0.878 1.3856381
0.88 1.3862614
0.882 1.3868823
0.884 1.3875008
0.886 1.3881169
0.888 1.3887306
0.89 1.3893418
0.892 1.3899507
0.894 1.3905572
0.896 1.3911612
0.898 1.3917629
0.9 1.3923621
0.902 1.392959
0.904 1.3935534
0.906 1.3941454
0.908 1.3947351
0.91 1.3953223
0.912 1.3959071
0.914 1.3964895
0.916 1.3970695
0.918 1.3976472
0.92 1.3982224
0.922 1.3987951
0.924 1.3993655
0.926 1.3999335
0.928 1.4004991
0.93 1.4010623
0.932 1.4016231
0.934 1.4021814
0.936 1.4027374
0.938 1.403291
0.94 1.4038421
0.942 1.4043909
0.944 1.4049372
0.946 1.4054811
0.948 1.4060227
0.95 1.4065618
0.952 1.4070985
0.954 1.4076329
0.956 1.4081648
0.958 1.4086943
0.96 1.4092214
0.962 1.4097461
0.964 1.4102684
0.966 1.4107883
0.968 1.4113058
0.97 1.4118209
0.972 1.4123335
0.974 1.4128438
0.976 1.4133517
0.978 1.4138572
0.98 1.4143602
0.982 1.4148609
0.984 1.4153591
0.986 1.415855
0.988 1.4163484
0.99 1.4168395
0.992 1.4173281
0.994 1.4178143
0.996 1.4182981
0.998 1.4187796
1 1.4192586
1.002 1.4197352
1.004 1.4202094
1.006 1.4206812
1.008 1.4211506
1.01 1.4216176
1.012 1.4220821
1.014 1.4225443
1.016 1.4230041
1.018 1.4234615
1.02 1.4239164
1.022 1.424369
1.024 1.4248192
1.026 1.4252669
1.028 1.4257123
1.03 1.4261552
1.032 1.4265957
1.034 1.4270339
1.036 1.4274696
1.038 1.4279029
1.04 1.4283338
1.042 1.4287624
1.044 1.4291885
1.046 1.4296122
1.048 1.4300335
1.05 1.4304524
1.052 1.4308689
1.054 1.431283
1.056 1.4316946
1.058 1.4321039
1.06 1.4325108
1.062 1.4329153
1.064 1.4333173
1.066 1.433717
1.068 1.4341142
1.07 1.4345091
1.072 1.4349015
1.074 1.4352916
1.076 1.4356792
1.078 1.4360644
1.08 1.4364473
1.082 1.4368277
1.084 1.4372057
1.086 1.4375813
1.088 1.4379545
1.09 1.4383253
1.092 1.4386937
1.094 1.4390597
1.096 1.4394233
1.098 1.4397845
1.1 1.4401432
1.102 1.4404996
1.104 1.4408536
1.106 1.4412052
1.108 1.4415543
1.11 1.4419011
1.112 1.4422454
1.114 1.4425874
1.116 1.4429269
1.118 1.443264
1.12 1.4435988
1.122 1.4439311
1.124 1.444261
1.126 1.4445885
1.128 1.4449136
1.13 1.4452364
1.132 1.4455567
1.134 1.4458746
1.136 1.44619
1.138 1.4465031
1.14 1.4468138
1.142 1.4471221
1.144 1.447428
1.146 1.4477314
1.148 1.4480325
1.15 1.4483312
1.152 1.4486274
1.154 1.4489213
1.156 1.4492127
1.158 1.4495018
1.16 1.4497884
1.162 1.4500726
1.164 1.4503545
1.166 1.4506339
1.168 1.4509109
1.17 1.4511855
1.172 1.4514577
1.174 1.4517275
1.176 1.4519949
1.178 1.4522599
1.18 1.4525225
1.182 1.4527827
1.184 1.4530405
1.186 1.4532959
1.188 1.4535488
1.19 1.4537994
1.192 1.4540476
1.194 1.4542933
1.196 1.4545367
1.198 1.4547776
1.2 1.4550162
1.202 1.4552523
1.204 1.455486
1.206 1.4557174
1.208 1.4559463
1.21 1.4561728
1.212 1.4563969
1.214 1.4566186
1.216 1.4568379
1.218 1.4570548
1.22 1.4572693
1.222 1.4574814
1.224 1.4576911
1.226 1.4578984
1.228 1.4581033
1.23 1.4583057
1.232 1.4585058
1.234 1.4587035
1.236 1.4588987
1.238 1.4590916
1.24 1.459282
1.242 1.4594701
1.244 1.4596557
1.246 1.4598389
1.248 1.4600198
1.25 1.4601982
1.252 1.4603742
1.254 1.4605478
1.256 1.4607191
1.258 1.4608879
1.26 1.4610543
1.262 1.4612183
1.264 1.4613798
1.266 1.461539
1.268 1.4616958
1.27 1.4618502
1.272 1.4620022
1.274 1.4621517
1.276 1.4622989
1.278 1.4624437
1.28 1.462586
1.282 1.462726
1.284 1.4628635
1.286 1.4629987
1.288 1.4631314
1.29 1.4632617
1.292 1.4633896
1.294 1.4635152
1.296 1.4636383
1.298 1.463759
1.3 1.4638773
1.302 1.4639932
1.304 1.4641067
1.306 1.4642178
1.308 1.4643265
1.31 1.4644328
1.312 1.4645367
1.314 1.4646381
1.316 1.4647372
1.318 1.4648339
1.32 1.4649281
1.322 1.46502
1.324 1.4651094
1.326 1.4651965
1.328 1.4652811
1.33 1.4653634
1.332 1.4654432
1.334 1.4655206
1.336 1.4655956
1.338 1.4656683
1.34 1.4657385
1.342 1.4658063
1.344 1.4658717
1.346 1.4659347
1.348 1.4659953
1.35 1.4660535
1.352 1.4661093
1.354 1.4661626
1.356 1.4662136
1.358 1.4662622
1.36 1.4663083
1.362 1.4663521
1.364 1.4663935
1.366 1.4664324
1.368 1.466469
1.37 1.4665031
1.372 1.4665348
1.374 1.4665642
1.376 1.4665911
1.378 1.4666156
1.38 1.4666378
1.382 1.4666575
1.384 1.4666748
1.386 1.4666897
1.388 1.4667022
1.39 1.4667123
1.392 1.46672
1.394 1.4667253
1.396 1.4667281
1.398 1.4667286
1.4 1.4667267
1.402 1.4667224
1.404 1.4667156
1.406 1.4667065
1.408 1.4666949
1.41 1.466681
1.412 1.4666646
1.414 1.4666459
1.416 1.4666247
1.418 1.4666011
1.42 1.4665752
1.422 1.4665468
1.424 1.466516
1.426 1.4664828
1.428 1.4664472
1.43 1.4664092
1.432 1.4663688
1.434 1.466326
1.436 1.4662808
1.438 1.4662332
1.44 1.4661831
1.442 1.4661307
1.444 1.4660759
1.446 1.4660187
1.448 1.465959
1.45 1.465897
1.452 1.4658325
1.454 1.4657657
1.456 1.4656964
1.458 1.4656247
1.46 1.4655507
1.462 1.4654742
1.464 1.4653953
1.466 1.465314
1.468 1.4652303
1.47 1.4651443
1.472 1.4650558
1.474 1.4649649
1.476 1.4648716
1.478 1.4647758
1.48 1.4646777
1.482 1.4645772
1.484 1.4644743
1.486 1.4643689
1.488 1.4642612
1.49 1.4641511
1.492 1.4640385
1.494 1.4639236
1.496 1.4638062
1.498 1.4636865
1.5 1.4635643
1.502 1.4634397
1.504 1.4633128
1.506 1.4631834
1.508 1.4630516
1.51 1.4629174
1.512 1.4627808
1.514 1.4626418
1.516 1.4625004
1.518 1.4623566
1.52 1.4622104
1.522 1.4620618
1.524 1.4619108
1.526 1.4617574
1.528 1.4616015
1.53 1.4614433
1.532 1.4612827
1.534 1.4611196
1.536 1.4609542
1.538 1.4607863
1.54 1.4606161
1.542 1.4604434
1.544 1.4602683
1.546 1.4600909
1.548 1.459911
1.55 1.4597287
1.552 1.459544
1.554 1.4593569
1.556 1.4591674
1.558 1.4589755
1.56 1.4587812
1.562 1.4585845
1.564 1.4583854
1.566 1.4581839
1.568 1.45798
1.57 1.4577736
1.572 1.4575649
1.574 1.4573538
1.576 1.4571402
1.578 1.4569243
1.58 1.4567059
1.582 1.4564852
1.584 1.456262
1.586 1.4560364
1.588 1.4558085
1.59 1.4555781
1.592 1.4553453
1.594 1.4551101
1.596 1.4548726
1.598 1.4546326
1.6 1.4543902
1.602 1.4541454
1.604 1.4538981
1.606 1.4536485
1.608 1.4533965
1.61 1.4531421
1.612 1.4528853
1.614 1.452626
1.616 1.4523644
1.618 1.4521004
1.62 1.4518339
1.622 1.4515651
1.624 1.4512938
1.626 1.4510202
1.628 1.4507441
1.63 1.4504656
1.632 1.4501847
1.634 1.4499015
1.636 1.4496158
1.638 1.4493277
1.64 1.4490372
1.642 1.4487443
1.644 1.448449
1.646 1.4481513
1.648 1.4478512
1.65 1.4475487
1.652 1.4472438
1.654 1.4469364
1.656 1.4466267
1.658 1.4463146
1.66 1.446
1.662 1.4456831
1.664 1.4453637
1.666 1.445042
1.668 1.4447178
1.67 1.4443913
1.672 1.4440623
1.674 1.4437309
1.676 1.4433971
1.678 1.443061
1.68 1.4427224
1.682 1.4423814
1.684 1.442038
1.686 1.4416922
1.688 1.441344
1.69 1.4409934
1.692 1.4406404
1.694 1.4402849
1.696 1.4399271
1.698 1.4395669
1.7 1.4392042
1.702 1.4388392
1.704 1.4384718
1.706 1.4381019
1.708 1.4377297
1.71 1.437355
1.712 1.4369779
1.714 1.4365985
1.716 1.4362166
1.718 1.4358323
1.72 1.4354457
1.722 1.4350566
1.724 1.4346651
1.726 1.4342712
1.728 1.4338749
1.73 1.4334762
1.732 1.4330751
1.734 1.4326716
1.736 1.4322656
1.738 1.4318573
1.74 1.4314466
1.742 1.4310335
1.744 1.4306179
1.746 1.4302
1.748 1.4297796
1.75 1.4293569
1.752 1.4289317
1.754 1.4285042
1.756 1.4280742
1.758 1.4276418
1.76 1.4272071
1.762 1.4267699
1.764 1.4263303
1.766 1.4258883
1.768 1.4254439
1.77 1.4249971
1.772 1.4245479
1.774 1.4240963
1.776 1.4236423
1.778 1.4231859
1.78 1.422727
1.782 1.4222658
1.784 1.4218022
1.786 1.4213362
1.788 1.4208677
1.79 1.4203969
1.792 1.4199236
1.794 1.419448
1.796 1.4189699
1.798 1.4184894
1.8 1.4180066
1.802 1.4175213
1.804 1.4170336
1.806 1.4165435
1.808 1.416051
1.81 1.4155562
1.812 1.4150589
1.814 1.4145592
1.816 1.414057
1.818 1.4135525
1.82 1.4130456
1.822 1.4125363
1.824 1.4120246
1.826 1.4115104
1.828 1.4109939
1.83 1.410475
1.832 1.4099536
1.834 1.4094299
1.836 1.4089037
1.838 1.4083752
1.84 1.4078442
1.842 1.4073108
1.844 1.4067751
1.846 1.4062369
1.848 1.4056963
1.85 1.4051533
1.852 1.4046079
1.854 1.4040601
1.856 1.4035099
1.858 1.4029573
1.86 1.4024023
1.862 1.4018449
1.864 1.4012851
1.866 1.4007229
1.868 1.4001582
1.87 1.3995912
1.872 1.3990218
1.874 1.3984499
1.876 1.3978757
1.878 1.397299
1.88 1.39672
1.882 1.3961385
1.884 1.3955546
1.886 1.3949684
1.888 1.3943797
1.89 1.3937886
1.892 1.3931951
1.894 1.3925992
1.896 1.3920009
1.898 1.3914002
1.9 1.3907971
1.902 1.3901916
1.904 1.3895837
1.906 1.3889734
1.908 1.3883607
1.91 1.3877455
1.912 1.387128
1.914 1.3865081
1.916 1.3858857
1.918 1.385261
1.92 1.3846338
1.922 1.3840043
1.924 1.3833723
1.926 1.3827379
1.928 1.3821012
1.93 1.381462
1.932 1.3808204
1.934 1.3801764
1.936 1.37953
1.938 1.3788813
1.94 1.3782301
1.942 1.3775764
1.944 1.3769204
1.946 1.376262
1.948 1.3756012
1.95 1.374938
1.952 1.3742724
1.954 1.3736043
1.956 1.3729339
1.958 1.3722611
1.96 1.3715858
1.962 1.3709082
1.964 1.3702281
1.966 1.3695456
1.968 1.3688608
1.97 1.3681735
1.972 1.3674838
1.974 1.3667918
1.976 1.3660973
1.978 1.3654004
1.98 1.3647011
1.982 1.3639994
1.984 1.3632953
1.986 1.3625888
1.988 1.3618799
1.99 1.3611686
1.992 1.3604548
1.994 1.3597387
1.996 1.3590202
1.998 1.3582993
2 1.3575759
