0 3.303701
0.002 3.146152
0.004 2.9941
0.006 2.8474242
0.008 2.706006
0.01 2.5697281
0.012 2.4384754
0.014 2.3121342
0.016 2.1905929
0.018 2.0737413
0.02 1.961471
0.022 1.8536756
0.024 1.7502498
0.026 1.6510905
0.028 1.5560958
0.03 1.4651656
0.032 1.3782016
0.034 1.2951067
0.036 1.2157855
0.038 1.1401444
0.04 1.0680909
0.042 0.99953425
0.044 0.93438527
0.046 0.87255609
0.048 0.81396038
0.05 0.75851323
0.052 0.70613118
0.054 0.65673216
0.056 0.61023551
0.058 0.56656195
0.06 0.52563355
0.062 0.48737375
0.064 0.4517073
0.066 0.41856027
0.068 0.38786006
0.07 0.35953533
0.072 0.33351601
0.074 0.30973329
0.076 0.28811962
0.078 0.26860864
0.08 0.25113525
0.082 0.2356355
0.084 0.22204665
0.086 0.21030712
0.088 0.20035649
0.09 0.19213548
0.092 0.18558593
0.094 0.18065079
0.096 0.17727412
0.098 0.17540106
0.1 0.17497782
0.102 0.17595167
0.104 0.17827091
0.106 0.18188491
0.108 0.18674401
0.11 0.19279958
0.112 0.200004
0.114 0.20831059
0.116 0.21767367
0.118 0.22804849
0.12 0.23939127
0.122 0.25165913
0.124 0.26481012
0.126 0.2788032
0.128 0.29359822
0.13 0.30915591
0.132 0.32543787
0.134 0.34240654
0.136 0.36002525
0.138 0.37825811
0.14 0.3970701
0.142 0.41642698
0.144 0.43629531
0.146 0.45664248
0.148 0.4774366
0.15 0.49864659
0.152 0.5202421
0.154 0.54219354
0.156 0.56447206
0.158 0.58704952
0.16 0.6098985
0.162 0.63299228
0.164 0.65630483
0.166 0.67981082
0.168 0.70348557
0.17 0.72730508
0.172 0.751246
0.174 0.77528561
0.176 0.79940183
0.178 0.82357322
0.18 0.84777893
0.182 0.87199872
0.184 0.89621296
0.186 0.92040258
0.188 0.94454912
0.19 0.96863465
0.192 0.99264184
0.194 1.0165539
0.196 1.0403545
0.198 1.0640279
0.2 1.087559
0.202 1.1109331
0.204 1.1341359
0.206 1.1571538
0.208 1.1799736
0.21 1.2025825
0.212 1.2249684
0.214 1.2471193
0.216 1.2690241
0.218 1.2906718
0.22 1.312052
0.222 1.3331547
0.224 1.3539703
0.226 1.3744896
0.228 1.394704
0.23 1.414605
0.232 1.4341847
0.234 1.4534356
0.236 1.4723504
0.238 1.4909224
0.24 1.5091451
0.242 1.5270124
0.244 1.5445186
0.246 1.5616583
0.248 1.5784265
0.25 1.5948185
0.252 1.6108298
0.254 1.6264564
0.256 1.6416946
0.258 1.6565408
0.26 1.670992
0.262 1.6850453
0.264 1.6986981
0.266 1.7119481
0.268 1.7247934
0.27 1.7372321
0.272 1.7492627
0.274 1.7608842
0.276 1.7720954
0.278 1.7828957
0.28 1.7932845
0.282 1.8032617
0.284 1.8128272
0.286 1.8219811
0.288 1.830724
0.29 1.8390564
0.292 1.8469792
0.294 1.8544934
0.296 1.8616002
0.298 1.8683011
0.3 1.8745978
0.302 1.8804919
0.304 1.8859854
0.306 1.8910806
0.308 1.8957797
0.31 1.9000853
0.312 1.9039998
0.314 1.9075262
0.316 1.9106673
0.318 1.9134263
0.32 1.9158063
0.322 1.9178108
0.324 1.9194432
0.326 1.9207071
0.328 1.9216063
0.33 1.9221446
0.332 1.922326
0.334 1.9221546
0.336 1.9216346
0.338 1.9207702
0.34 1.919566
0.342 1.9180262
0.344 1.9161556
0.346 1.9139588
0.348 1.9114405
0.35 1.9086056
0.352 1.9054591
0.354 1.9020057
0.356 1.8982508
0.358 1.8941992
0.36 1.8898563
0.362 1.8852273
0.364 1.8803175
0.366 1.8751322
0.368 1.8696769
0.37 1.8639569
0.372 1.8579779
0.374 1.8517453
0.376 1.8452647
0.378 1.8385417
0.38 1.8315821
0.382 1.8243913
0.384 1.8169753
0.386 1.8093396
0.388 1.8014901
0.39 1.7934325
0.392 1.7851727
0.394 1.7767163
0.396 1.7680693
0.398 1.7592374
0.4 1.7502265
0.402 1.7410425
0.404 1.7316911
0.406 1.7221782
0.408 1.7125097
0.41 1.7026914
0.412 1.6927291
0.414 1.6826286
0.416 1.6723957
0.418 1.6620363
0.42 1.6515561
0.422 1.6409609
0.424 1.6302565
0.426 1.6194485
0.428 1.6085427
0.43 1.5975448
0.432 1.5864603
0.434 1.5752951
0.436 1.5640545
0.438 1.5527443
0.44 1.54137
0.442 1.5299371
0.444 1.518451
0.446 1.5069171
0.448 1.495341
0.45 1.4837279
0.452 1.4720831
0.454 1.460412
0.456 1.4487198
0.458 1.4370116
0.46 1.4252926
0.462 1.4135679
0.464 1.4018425
0.466 1.3901215
0.468 1.3784098
0.47 1.3667122
0.472 1.3550337
0.474 1.343379
0.476 1.3317528
0.478 1.3201599
0.48 1.3086049
0.482 1.2970922
0.484 1.2856265
0.486 1.2742122
0.488 1.2628537
0.49 1.2515552
0.492 1.2403211
0.494 1.2291556
0.496 1.2180628
0.498 1.2070468
0.5 1.1961116
0.502 1.1852612
0.504 1.1744994
0.506 1.16383
0.508 1.1532569
0.51 1.1427837
0.512 1.1324141
0.514 1.1221515
0.516 1.1119994
0.518 1.1019613
0.52 1.0920406
0.522 1.0822404
0.524 1.0725641
0.526 1.0630147
0.528 1.0535952
0.53 1.0443088
0.532 1.0351583
0.534 1.0261466
0.536 1.0172765
0.538 1.0085506
0.54 0.99997161
0.542 0.99154212
0.544 0.9832646
0.546 0.97514148
0.548 0.96717511
0.55 0.95936777
0.552 0.95172168
0.554 0.94423896
0.556 0.93692168
0.558 0.92977183
0.56 0.92279134
0.562 0.91598205
0.564 0.90934573
0.566 0.9028841
0.568 0.89659878
0.57 0.89049134
0.572 0.88456327
0.574 0.87881599
0.576 0.87325084
0.578 0.8678691
0.58 0.86267198
0.582 0.85766062
0.584 0.85283608
0.586 0.84819936
0.588 0.84375139
0.59 0.83949302
0.592 0.83542504
0.594 0.83154818
0.596 0.82786309
0.598 0.82437035
0.6 0.82107048
0.602 0.81796392
0.604 0.81505107
0.606 0.81233223
0.608 0.80980767
0.61 0.80747756
0.612 0.80534202
0.614 0.80340112
0.616 0.80165484
0.618 0.80010311
0.62 0.7987458
0.622 0.7975827
0.624 0.79661357
0.626 0.79583807
0.628 0.79525583
0.63 0.79486641
0.632 0.79466929
0.634 0.79466393
0.636 0.79484969
0.638 0.7952259
0.64 0.79579182
0.642 0.79654667
0.644 0.79748958
0.646 0.79861966
0.648 0.79993595
0.65 0.80143742
0.652 0.80312301
0.654 0.8049916
0.656 0.80704202
0.658 0.80927303
0.66 0.81168336
0.662 0.81427169
0.664 0.81703663
0.666 0.81997675
0.668 0.82309059
0.67 0.82637662
0.672 0.82983327
0.674 0.83345893
0.676 0.83725193
0.678 0.84121056
0.68 0.84533309
0.682 0.8496177
0.684 0.85406258
0.686 0.85866584
0.688 0.86342555
0.69 0.86833978
0.692 0.87340651
0.694 0.87862371
0.696 0.8839893
0.698 0.88950117
0.7 0.89515718
0.702 0.90095515
0.704 0.90689284
0.706 0.91296801
0.708 0.91917839
0.71 0.92552163
0.712 0.93199541
0.714 0.93859733
0.716 0.94532499
0.718 0.95217595
0.72 0.95914775
0.722 0.96623787
0.724 0.97344382
0.726 0.98076303
0.728 0.98819293
0.73 0.99573093
0.732 1.0033744
0.734 1.0111207
0.736 1.0189672
0.738 1.0269112
0.74 1.0349499
0.742 1.0430807
0.744 1.0513008
0.746 1.0596075
0.748 1.0679979
0.75 1.0764693
0.752 1.0850189
0.754 1.0936438
0.756 1.1023412
0.758 1.1111082
0.76 1.1199421
0.762 1.1288398
0.764 1.1377986
0.766 1.1468156
0.768 1.1558877
0.77 1.1650122
0.772 1.1741861
0.774 1.1834065
0.776 1.1926705
0.778 1.201975
0.78 1.2113173
0.782 1.2206943
0.784 1.230103
0.786 1.2395407
0.788 1.2490042
0.79 1.2584907
0.792 1.2679972
0.794 1.2775208
0.796 1.2870585
0.798 1.2966074
0.8 1.3061645
0.802 1.315727
0.804 1.3252918
0.806 1.3348561
0.808 1.344417
0.81 1.3539716
0.812 1.3635169
0.814 1.3730501
0.816 1.3825683
0.818 1.3920686
0.82 1.4015482
0.822 1.4110042
0.824 1.4204338
0.826 1.4298342
0.828 1.4392025
0.83 1.4485361
0.832 1.457832
0.834 1.4670876
0.836 1.4763001
0.838 1.4854667
0.84 1.4945849
0.842 1.5036518
0.844 1.5126648
0.846 1.5216213
0.848 1.5305186
0.85 1.5393541
0.852 1.5481253
0.854 1.5568295
0.856 1.5654643
0.858 1.5740271
0.86 1.5825154
0.862 1.5909267
0.864 1.5992587
0.866 1.6075088
0.868 1.6156748
0.87 1.6237542
0.872 1.6317447
0.874 1.639644
0.876 1.6474498
0.878 1.6551599
0.88 1.662772
0.882 1.670284
0.884 1.6776937
0.886 1.6849989
0.888 1.6921976
0.89 1.6992877
0.892 1.7062672
0.894 1.7131341
0.896 1.7198864
0.898 1.7265221
0.9 1.7330395
0.902 1.7394365
0.904 1.7457115
0.906 1.7518626
0.908 1.757888
0.91 1.763786
0.912 1.7695551
0.914 1.7751934
0.916 1.7806994
0.918 1.7860716
0.92 1.7913083
0.922 1.7964082
0.924 1.8013698
0.926 1.8061916
0.928 1.8108723
0.93 1.8154105
0.932 1.819805
0.934 1.8240545
0.936 1.8281578
0.938 1.8321138
0.94 1.8359212
0.942 1.839579
0.944 1.8430863
0.946 1.8464418
0.948 1.8496448
0.95 1.8526943
0.952 1.8555894
0.954 1.8583293
0.956 1.8609132
0.958 1.8633404
0.96 1.8656101
0.962 1.8677217
0.964 1.8696746
0.966 1.8714683
0.968 1.8731021
0.97 1.8745756
0.972 1.8758884
0.974 1.8770401
0.976 1.8780303
0.978 1.8788588
0.98 1.8795252
0.982 1.8800295
0.984 1.8803713
0.986 1.8805506
0.988 1.8805673
0.99 1.8804213
0.992 1.8801128
0.994 1.8796416
0.996 1.8790081
0.998 1.8782122
1 1.8772541
1.002 1.8761342
1.004 1.8748527
1.006 1.87341
1.008 1.8718063
1.01 1.8700421
1.012 1.8681179
1.014 1.8660342
1.016 1.8637915
1.018 1.8613904
1.02 1.8588316
1.022 1.8561158
1.024 1.8532436
1.026 1.8502159
1.028 1.8470334
1.03 1.843697
1.032 1.8402077
1.034 1.8365663
1.036 1.8327739
1.038 1.8288314
1.04 1.82474
1.042 1.8205008
1.044 1.8161149
1.046 1.8115834
1.048 1.8069078
1.05 1.8020892
1.052 1.797129
1.054 1.7920285
1.056 1.7867891
1.058 1.7814123
1.06 1.7758995
1.062 1.7702524
1.064 1.7644723
1.066 1.758561
1.068 1.7525201
1.07 1.7463513
1.072 1.7400562
1.074 1.7336367
1.076 1.7270945
1.078 1.7204315
1.08 1.7136494
1.082 1.7067503
1.084 1.699736
1.086 1.6926085
1.088 1.6853698
1.09 1.678022
1.092 1.6705671
1.094 1.6630073
1.096 1.6553446
1.098 1.6475813
1.1 1.6397195
1.102 1.6317615
1.104 1.6237096
1.106 1.615566
1.108 1.607333
1.11 1.5990131
1.112 1.5906086
1.114 1.5821219
1.116 1.5735554
1.118 1.5649117
1.12 1.5561932
1.122 1.5474024
1.124 1.5385419
1.126 1.5296143
1.128 1.5206221
1.13 1.5115679
1.132 1.5024545
1.134 1.4932844
1.136 1.4840603
1.138 1.4747851
1.14 1.4654613
1.142 1.4560917
1.144 1.4466791
1.146 1.4372264
1.148 1.4277362
1.15 1.4182114
1.152 1.4086548
1.154 1.3990694
1.156 1.3894579
1.158 1.3798233
1.16 1.3701685
1.162 1.3604963
1.164 1.3508097
1.166 1.3411116
1.168 1.331405
1.17 1.3216928
1.172 1.3119781
1.174 1.3022637
1.176 1.2925526
1.178 1.282848
1.18 1.2731526
1.182 1.2634697
1.184 1.2538021
1.186 1.2441529
1.188 1.2345251
1.19 1.2249217
1.192 1.2153458
1.194 1.2058004
1.196 1.1962885
1.198 1.1868131
1.2 1.1773773
1.202 1.1679841
1.204 1.1586365
1.206 1.1493375
1.208 1.1400901
1.21 1.1308975
1.212 1.1217625
1.214 1.1126881
1.216 1.1036775
1.218 1.0947334
1.22 1.085859
1.222 1.0770571
1.224 1.0683308
1.226 1.059683
1.228 1.0511166
1.23 1.0426345
1.232 1.0342397
1.234 1.0259349
1.236 1.0177232
1.238 1.0096074
1.24 1.0015903
1.242 0.99367465
1.244 0.98586338
1.246 0.97815924
1.248 0.97056499
1.25 0.96308337
1.252 0.95571712
1.254 0.94846893
1.256 0.94134147
1.258 0.9343374
1.26 0.92745935
1.262 0.92070992
1.264 0.91409168
1.266 0.90760718
1.268 0.90125893
1.27 0.89504943
1.272 0.88898114
1.274 0.88305647
1.276 0.87727783
1.278 0.87164758
1.28 0.86616805
1.282 0.86084153
1.284 0.85567028
1.286 0.85065653
1.288 0.84580246
1.29 0.84111022
1.292 0.83658194
1.294 0.83221966
1.296 0.82802544
1.298 0.82400126
1.3 0.82014907
1.302 0.81647077
1.304 0.81296825
1.306 0.8096433
1.308 0.80649772
1.31 0.80353324
1.312 0.80075153
1.314 0.79815423
1.316 0.79574295
1.318 0.79351922
1.32 0.79148453
1.322 0.78964032
1.324 0.787988
1.326 0.7865289
1.328 0.78526432
1.33 0.78419549
1.332 0.78332359
1.334 0.78264975
1.336 0.78217506
1.338 0.78190053
1.34 0.78182713
1.342 0.78195576
1.344 0.78228727
1.346 0.78282247
1.348 0.78356207
1.35 0.78450676
1.352 0.78565714
1.354 0.78701379
1.356 0.78857718
1.358 0.79034775
1.36 0.79232587
1.362 0.79451185
1.364 0.79690593
1.366 0.79950829
1.368 0.80231905
1.37 0.80533825
1.372 0.80856589
1.374 0.81200188
1.376 0.81564607
1.378 0.81949826
1.38 0.82355815
1.382 0.82782541
1.384 0.83229961
1.386 0.83698027
1.388 0.84186684
1.39 0.84695868
1.392 0.85225511
1.394 0.85775536
1.396 0.86345859
1.398 0.86936391
1.4 0.87547033
1.402 0.88177681
1.404 0.88828222
1.406 0.89498538
1.408 0.90188501
1.41 0.90897978
1.412 0.91626828
1.414 0.92374903
1.416 0.93142047
1.418 0.93928097
1.42 0.94732882
1.422 0.95556225
1.424 0.9639794
1.426 0.97257835
1.428 0.9813571
1.43 0.99031357
1.432 0.99944562
1.434 1.008751
1.436 1.0182275
1.438 1.0278726
1.44 1.037684
1.442 1.0476591
1.444 1.0577953
1.446 1.0680899
1.448 1.0785403
1.45 1.0891435
1.452 1.0998968
1.454 1.1107971
1.456 1.1218413
1.458 1.1330265
1.46 1.1443493
1.462 1.1558066
1.464 1.167395
1.466 1.179111
1.468 1.1909513
1.47 1.2029123
1.472 1.2149903
1.474 1.2271817
1.476 1.2394827
1.478 1.2518895
1.48 1.2643982
1.482 1.2770047
1.484 1.2897052
1.486 1.3024953
1.488 1.3153711
1.49 1.3283282
1.492 1.3413624
1.494 1.3544692
1.496 1.3676442
1.498 1.380883
1.5 1.3941809
1.502 1.4075333
1.504 1.4209356
1.506 1.434383
1.508 1.4478706
1.51 1.4613936
1.512 1.4749471
1.514 1.488526
1.516 1.5021254
1.518 1.5157401
1.52 1.5293649
1.522 1.5429947
1.524 1.5566242
1.526 1.5702481
1.528 1.583861
1.53 1.5974574
1.532 1.611032
1.534 1.6245792
1.536 1.6380935
1.538 1.6515693
1.54 1.6650008
1.542 1.6783825
1.544 1.6917086
1.546 1.7049733
1.548 1.7181709
1.55 1.7312955
1.552 1.7443413
1.554 1.7573023
1.556 1.7701725
1.558 1.7829461
1.56 1.7956171
1.562 1.8081794
1.564 1.820627
1.566 1.8329538
1.568 1.8451538
1.57 1.8572208
1.572 1.8691488
1.574 1.8809315
1.576 1.892563
1.578 1.9040369
1.58 1.9153471
1.582 1.9264875
1.584 1.9374519
1.586 1.9482342
1.588 1.958828
1.59 1.9692274
1.592 1.9794261
1.594 1.9894179
1.596 1.9991967
1.598 2.0087564
1.6 2.0180908
1.602 2.0271939
1.604 2.0360595
1.606 2.0446816
1.608 2.0530542
1.61 2.0611712
1.612 2.0690267
1.614 2.0766147
1.616 2.0839294
1.618 2.0909649
1.62 2.0977153
1.622 2.1041748
1.624 2.1103378
1.626 2.1161986
1.628 2.1217515
1.63 2.126991
1.632 2.1319116
1.634 2.1365078
1.636 2.1407743
1.638 2.1447058
1.64 2.1482971
1.642 2.151543
1.644 2.1544384
1.646 2.1569785
1.648 2.1591583
1.65 2.160973
1.652 2.162418
1.654 2.1634886
1.656 2.1641804
1.658 2.164489
1.66 2.1644101
1.662 2.1639396
1.664 2.1630735
1.666 2.1618078
1.668 2.1601388
1.67 2.158063
1.672 2.1555766
1.674 2.1526766
1.676 2.1493595
1.678 2.1456224
1.68 2.1414624
1.682 2.1368767
1.684 2.1318629
1.686 2.1264184
1.688 2.120541
1.69 2.1142288
1.692 2.1074798
1.694 2.1002925
1.696 2.0926653
1.698 2.0845969
1.7 2.0760864
1.702 2.0671328
1.704 2.0577356
1.706 2.0478943
1.708 2.0376087
1.71 2.0268789
1.712 2.0157052
1.714 2.0040881
1.716 1.9920283
1.718 1.9795271
1.72 1.9665855
1.722 1.9532053
1.724 1.9393883
1.726 1.9251365
1.728 1.9104524
1.73 1.8953387
1.732 1.8797985
1.734 1.8638349
1.736 1.8474517
1.738 1.8306527
1.74 1.8134423
1.742 1.7958249
1.744 1.7778057
1.746 1.7593898
1.748 1.7405828
1.75 1.7213908
1.752 1.7018202
1.754 1.6818775
1.756 1.66157
1.758 1.6409051
1.76 1.6198908
1.762 1.5985353
1.764 1.5768473
1.766 1.5548359
1.768 1.5325108
1.77 1.5098817
1.772 1.4869593
1.774 1.4637543
1.776 1.4402781
1.778 1.4165424
1.78 1.3925596
1.782 1.3683423
1.784 1.3439038
1.786 1.3192577
1.788 1.2944185
1.79 1.2694007
1.792 1.2442197
1.794 1.2188912
1.796 1.1934316
1.798 1.1678578
1.8 1.1421873
1.802 1.116438
1.804 1.0906286
1.806 1.0647782
1.808 1.0389066
1.81 1.0130343
1.812 0.98718206
1.814 0.96137168
1.816 0.93562537
1.818 0.90996601
1.82 0.88441715
1.822 0.85900301
1.824 0.83374848
1.826 0.80867912
1.828 0.78382119
1.83 0.75920166
1.832 0.73484822
1.834 0.71078925
1.836 0.68705392
1.838 0.66367209
1.84 0.64067443
1.842 0.61809233
1.844 0.59595799
1.846 0.57430439
1.848 0.55316531
1.85 0.53257534
1.852 0.51256991
1.854 0.49318526
1.856 0.47445849
1.858 0.45642757
1.86 0.43913132
1.862 0.42260946
1.864 0.40690258
1.866 0.3920522
1.868 0.37810076
1.87 0.36509161
1.872 0.35306906
1.874 0.34207836
1.876 0.33216575
1.878 0.32337844
1.88 0.31576463
1.882 0.30937353
1.884 0.30425537
1.886 0.30046142
1.888 0.29804399
1.89 0.29705644
1.892 0.29755323
1.894 0.29958988
1.896 0.30322302
1.898 0.3085104
1.9 0.31551089
1.902 0.32428451
1.904 0.33489242
1.906 0.34739698
1.908 0.36186172
1.91 0.37835135
1.912 0.39693182
1.914 0.4176703
1.916 0.44063521
1.918 0.46589622
1.92 0.49352428
1.922 0.52359162
1.924 0.55617178
1.926 0.59133963
1.928 0.62917135
1.93 0.66974451
1.932 0.713138
1.934 0.75943213
1.936 0.80870858
1.938 0.86105047
1.94 0.91654235
1.942 0.97527018
1.944 1.0373214
1.946 1.102785
1.948 1.1717514
1.95 1.2443125
1.952 1.3205618
1.954 1.4005944
1.956 1.4845067
1.958 1.572397
1.96 1.6643651
1.962 1.7605123
1.964 1.8609417
1.966 1.965758
1.968 2.0750675
1.97 2.1889782
1.972 2.3075999
1.974 2.4310441
1.976 2.5594241
1.978 2.6928547
1.98 2.8314528
1.982 2.9753369
1.984 3.1246275
1.986 3.2794468
1.988 3.4399188
1.99 3.6061696
1.992 3.778327
1.994 3.9565209
1.996 4.1408828
1.998 4.3315467
2 4.528648
