0 0.32231827
0.002 0.33066988
0.004 0.3389857
0.006 0.34726581
0.008 0.35551026
0.01 0.36371913
0.012 0.37189248
0.014 0.38003038
0.016 0.3881329
0.018 0.39620011
0.02 0.40423206
0.022 0.41222883
0.024 0.42019049
0.026 0.42811709
0.028 0.43600872
0.03 0.44386543
0.032 0.45168729
0.034 0.45947437
0.036 0.46722674
0.038 0.47494445
0.04 0.48262759
0.042 0.49027622
0.044 0.49789039
0.046 0.50547019
0.048 0.51301568
0.05 0.52052692
0.052 0.52800398
0.054 0.53544692
0.056 0.54285583
0.058 0.55023075
0.06 0.55757176
0.062 0.56487893
0.064 0.57215232
0.066 0.579392
0.068 0.58659803
0.07 0.59377049
0.072 0.60090944
0.074 0.60801494
0.076 0.61508707
0.078 0.62212589
0.08 0.62913146
0.082 0.63610386
0.084 0.64304316
0.086 0.6499494
0.088 0.65682268
0.09 0.66366304
0.092 0.67047057
0.094 0.67724532
0.096 0.68398736
0.098 0.69069676
0.1 0.69737359
0.102 0.70401791
0.104 0.71062979
0.106 0.7172093
0.108 0.72375651
0.11 0.73027147
0.112 0.73675426
0.114 0.74320494
0.116 0.74962359
0.118 0.75601027
0.12 0.76236504
0.122 0.76868797
0.124 0.77497913
0.126 0.78123859
0.128 0.78746641
0.13 0.79366266
0.132 0.7998274
0.134 0.80596071
0.136 0.81206266
0.138 0.81813329
0.14 0.82417269
0.142 0.83018093
0.144 0.83615806
0.146 0.84210415
0.148 0.84801928
0.15 0.85390351
0.152 0.8597569
0.154 0.86557952
0.156 0.87137145
0.158 0.87713274
0.16 0.88286346
0.162 0.88856368
0.164 0.89423347
0.166 0.89987289
0.168 0.90548202
0.17 0.91106091
0.172 0.91660964
0.174 0.92212826
0.176 0.92761686
0.178 0.93307549
0.18 0.93850422
0.182 0.94390312
0.184 0.94927226
0.186 0.9546117
0.188 0.95992151
0.19 0.96520176
0.192 0.97045251
0.194 0.97567383
0.196 0.98086578
0.198 0.98602845
0.2 0.99116188
0.202 0.99626615
0.204 1.0013413
0.206 1.0063875
0.208 1.0114047
0.21 1.0163929
0.212 1.0213524
0.214 1.0262831
0.216 1.0311851
0.218 1.0360585
0.22 1.0409033
0.222 1.0457196
0.224 1.0505075
0.226 1.0552671
0.228 1.0599983
0.23 1.0647014
0.232 1.0693762
0.234 1.074023
0.236 1.0786418
0.238 1.0832325
0.24 1.0877954
0.242 1.0923305
0.244 1.0968378
0.246 1.1013175
0.248 1.1057695
0.25 1.1101939
0.252 1.1145909
0.254 1.1189604
0.256 1.1233026
0.258 1.1276175
0.26 1.1319051
0.262 1.1361657
0.264 1.1403991
0.266 1.1446055
0.268 1.1487849
0.27 1.1529375
0.272 1.1570632
0.274 1.1611622
0.276 1.1652345
0.278 1.1692802
0.28 1.1732993
0.282 1.1772919
0.284 1.1812582
0.286 1.185198
0.288 1.1891116
0.29 1.192999
0.292 1.1968602
0.294 1.2006953
0.296 1.2045044
0.298 1.2082876
0.3 1.2120448
0.302 1.2157763
0.304 1.219482
0.306 1.223162
0.308 1.2268164
0.31 1.2304453
0.312 1.2340486
0.314 1.2376266
0.316 1.2411792
0.318 1.2447065
0.32 1.2482086
0.322 1.2516856
0.324 1.2551374
0.326 1.2585643
0.328 1.2619662
0.33 1.2653432
0.332 1.2686955
0.334 1.2720229
0.336 1.2753257
0.338 1.2786039
0.34 1.2818575
0.342 1.2850867
0.344 1.2882914
0.346 1.2914718
0.348 1.2946279
0.35 1.2977598
0.352 1.3008676
0.354 1.3039513
0.356 1.3070109
0.358 1.3100467
0.36 1.3130585
0.362 1.3160465
0.364 1.3190108
0.366 1.3219514
0.368 1.3248684
0.37 1.3277619
0.372 1.3306319
0.374 1.3334785
0.376 1.3363017
0.378 1.3391017
0.38 1.3418784
0.382 1.344632
0.384 1.3473625
0.386 1.3500701
0.388 1.3527547
0.39 1.3554164
0.392 1.3580553
0.394 1.3606714
0.396 1.3632649
0.398 1.3658358
0.4 1.3683841
0.402 1.37091
0.404 1.3734135
0.406 1.3758946
0.408 1.3783534
0.41 1.3807901
0.412 1.3832046
0.414 1.385597
0.416 1.3879675
0.418 1.390316
0.42 1.3926426
0.422 1.3949474
0.424 1.3972305
0.426 1.3994919
0.428 1.4017317
0.43 1.40395
0.432 1.4061468
0.434 1.4083222
0.436 1.4104763
0.438 1.4126091
0.44 1.4147207
0.442 1.4168111
0.444 1.4188805
0.446 1.4209289
0.448 1.4229564
0.45 1.424963
0.452 1.4269487
0.454 1.4289138
0.456 1.4308582
0.458 1.432782
0.46 1.4346852
0.462 1.436568
0.464 1.4384304
0.466 1.4402725
0.468 1.4420943
0.47 1.4438959
0.472 1.4456773
0.474 1.4474387
0.476 1.4491801
0.478 1.4509016
0.48 1.4526032
0.482 1.454285
0.484 1.4559471
0.486 1.4575895
0.488 1.4592124
0.49 1.4608156
0.492 1.4623995
0.494 1.4639639
0.496 1.465509
0.498 1.4670349
0.5 1.4685415
0.502 1.470029
0.504 1.4714975
0.506 1.4729469
0.508 1.4743775
0.51 1.4757892
0.512 1.477182
0.514 1.4785562
0.516 1.4799117
0.518 1.4812486
0.52 1.482567
0.522 1.4838669
0.524 1.4851484
0.526 1.4864116
0.528 1.4876566
0.53 1.4888833
0.532 1.4900919
0.534 1.4912825
0.536 1.4924551
0.538 1.4936097
0.54 1.4947465
0.542 1.4958655
0.544 1.4969668
0.546 1.4980504
0.548 1.4991165
0.55 1.500165
0.552 1.501196
0.554 1.5022097
0.556 1.5032061
0.558 1.5041852
0.56 1.5051471
0.562 1.5060918
0.564 1.5070196
0.566 1.5079303
0.568 1.5088241
0.57 1.5097011
0.572 1.5105613
0.574 1.5114047
0.576 1.5122315
0.578 1.5130418
0.58 1.5138355
0.582 1.5146127
0.584 1.5153736
0.586 1.5161181
0.588 1.5168464
0.59 1.5175585
0.592 1.5182545
0.594 1.5189344
0.596 1.5195984
0.598 1.5202464
0.6 1.5208786
0.602 1.521495
0.604 1.5220957
0.606 1.5226808
0.608 1.5232502
0.61 1.5238042
0.612 1.5243426
0.614 1.5248657
0.616 1.5253735
0.618 1.5258661
0.62 1.5263435
0.622 1.5268057
0.624 1.5272529
0.626 1.5276851
0.628 1.5281024
0.63 1.5285049
0.632 1.5288926
0.634 1.5292655
0.636 1.5296239
0.638 1.5299676
0.64 1.5302968
0.642 1.5306116
0.644 1.530912
0.646 1.5311981
0.648 1.53147
0.65 1.5317276
0.652 1.5319712
0.654 1.5322007
0.656 1.5324162
0.658 1.5326179
0.66 1.5328056
0.662 1.5329797
0.664 1.53314
0.666 1.5332866
0.668 1.5334197
0.67 1.5335393
0.672 1.5336454
0.674 1.5337381
0.676 1.5338176
0.678 1.5338838
0.68 1.5339368
0.682 1.5339767
0.684 1.5340036
0.686 1.5340175
0.688 1.5340185
0.69 1.5340067
0.692 1.5339821
0.694 1.5339447
0.696 1.5338948
0.698 1.5338322
0.7 1.5337572
0.702 1.5336697
0.704 1.5335699
0.706 1.5334577
0.708 1.5333333
0.71 1.5331968
0.712 1.5330481
0.714 1.5328874
0.716 1.5327147
0.718 1.5325301
0.72 1.5323337
0.722 1.5321255
0.724 1.5319056
0.726 1.5316741
0.728 1.531431
0.73 1.5311764
0.732 1.5309104
0.734 1.530633
0.736 1.5303443
0.738 1.5300444
0.74 1.5297333
0.742 1.529411
0.744 1.5290778
0.746 1.5287336
0.748 1.5283785
0.75 1.5280126
0.752 1.5276358
0.754 1.5272484
0.756 1.5268504
0.758 1.5264418
0.76 1.5260227
0.762 1.5255932
0.764 1.5251533
0.766 1.5247031
0.768 1.5242426
0.77 1.523772
0.772 1.5232914
0.774 1.5228006
0.776 1.5222999
0.778 1.5217894
0.78 1.521269
0.782 1.5207388
0.784 1.5201989
0.786 1.5196494
0.788 1.5190903
0.79 1.5185218
0.792 1.5179438
0.794 1.5173565
0.796 1.5167598
0.798 1.5161539
0.8 1.5155389
0.802 1.5149148
0.804 1.5142816
0.806 1.5136395
0.808 1.5129885
0.81 1.5123287
0.812 1.5116601
0.814 1.5109828
0.816 1.5102969
0.818 1.5096024
0.82 1.5088995
0.822 1.5081881
0.824 1.5074683
0.826 1.5067403
0.828 1.506004
0.83 1.5052596
0.832 1.5045071
0.834 1.5037466
0.836 1.5029781
0.838 1.5022017
0.84 1.5014175
0.842 1.5006255
0.844 1.4998259
0.846 1.4990186
0.848 1.4982038
0.85 1.4973815
0.852 1.4965517
0.854 1.4957147
0.856 1.4948703
0.858 1.4940187
0.86 1.4931599
0.862 1.4922941
0.864 1.4914212
0.866 1.4905414
0.868 1.4896547
0.87 1.4887612
0.872 1.4878609
0.874 1.4869539
0.876 1.4860404
0.878 1.4851202
0.88 1.4841936
0.882 1.4832606
0.884 1.4823212
0.886 1.4813755
0.888 1.4804236
0.89 1.4794656
0.892 1.4785015
0.894 1.4775313
0.896 1.4765552
0.898 1.4755733
0.9 1.4745855
0.902 1.4735919
0.904 1.4725927
0.906 1.4715879
0.908 1.4705775
0.91 1.4695616
0.912 1.4685403
0.914 1.4675137
0.916 1.4664818
0.918 1.4654447
0.92 1.4644024
0.922 1.463355
0.924 1.4623027
0.926 1.4612454
0.928 1.4601832
0.93 1.4591162
0.932 1.4580444
0.934 1.456968
0.936 1.4558869
0.938 1.4548013
0.94 1.4537113
0.942 1.4526168
0.944 1.451518
0.946 1.4504149
0.948 1.4493076
0.95 1.4481961
0.952 1.4470806
0.954 1.445961
0.956 1.4448375
0.958 1.4437102
0.96 1.442579
0.962 1.4414441
0.964 1.4403055
0.966 1.4391633
0.968 1.4380175
0.97 1.4368683
0.972 1.4357157
0.974 1.4345597
0.976 1.4334005
0.978 1.4322381
0.98 1.4310725
0.982 1.4299038
0.984 1.4287321
0.986 1.4275575
0.988 1.42638
0.99 1.4251998
0.992 1.4240167
0.994 1.422831
0.996 1.4216427
0.998 1.4204519
1 1.4192586
1.002 1.4180628
1.004 1.4168648
1.006 1.4156645
1.008 1.4144619
1.01 1.4132573
1.012 1.4120505
1.014 1.4108418
1.016 1.4096311
1.018 1.4084186
1.02 1.4072042
1.022 1.4059881
1.024 1.4047704
1.026 1.403551
1.028 1.4023301
1.03 1.4011077
1.032 1.399884
1.034 1.3986589
1.036 1.3974325
1.038 1.396205
1.04 1.3949763
1.042 1.3937465
1.044 1.3925157
1.046 1.391284
1.048 1.3900515
1.05 1.3888181
1.052 1.387584
1.054 1.3863492
1.056 1.3851139
1.058 1.383878
1.06 1.3826416
1.062 1.3814049
1.064 1.3801678
1.066 1.3789304
1.068 1.3776929
1.07 1.3764552
1.072 1.3752175
1.074 1.3739797
1.076 1.3727421
1.078 1.3715045
1.08 1.3702672
1.082 1.3690302
1.084 1.3677934
1.086 1.3665571
1.088 1.3653213
1.09 1.364086
1.092 1.3628513
1.094 1.3616173
1.096 1.360384
1.098 1.3591515
1.1 1.3579199
1.102 1.3566892
1.104 1.3554596
1.106 1.354231
1.108 1.3530035
1.11 1.3517773
1.112 1.3505523
1.114 1.3493287
1.116 1.3481065
1.118 1.3468858
1.12 1.3456666
1.122 1.344449
1.124 1.3432331
1.126 1.3420189
1.128 1.3408066
1.13 1.3395961
1.132 1.3383875
1.134 1.337181
1.136 1.3359766
1.138 1.3347743
1.14 1.3335742
1.142 1.3323763
1.144 1.3311809
1.146 1.3299878
1.148 1.3287972
1.15 1.3276092
1.152 1.3264238
1.154 1.325241
1.156 1.324061
1.158 1.3228838
1.16 1.3217095
1.162 1.3205382
1.164 1.3193698
1.166 1.3182045
1.168 1.3170424
1.17 1.3158835
1.172 1.3147279
1.174 1.3135756
1.176 1.3124268
1.178 1.3112814
1.18 1.3101396
1.182 1.3090013
1.184 1.3078668
1.186 1.306736
1.188 1.3056091
1.19 1.304486
1.192 1.3033668
1.194 1.3022517
1.196 1.3011407
1.198 1.3000338
1.2 1.2989312
1.202 1.2978328
1.204 1.2967388
1.206 1.2956491
1.208 1.294564
1.21 1.2934835
1.212 1.2924075
1.214 1.2913362
1.216 1.2902697
1.218 1.289208
1.22 1.2881512
1.222 1.2870994
1.224 1.2860526
1.226 1.2850108
1.228 1.2839742
1.23 1.2829428
1.232 1.2819168
1.234 1.280896
1.236 1.2798807
1.238 1.2788709
1.24 1.2778667
1.242 1.276868
1.244 1.2758751
1.246 1.2748879
1.248 1.2739065
1.25 1.272931
1.252 1.2719615
1.254 1.270998
1.256 1.2700406
1.258 1.2690894
1.26 1.2681443
1.262 1.2672056
1.264 1.2662732
1.266 1.2653473
1.268 1.2644278
1.27 1.2635149
1.272 1.2626087
1.274 1.2617091
1.276 1.2608163
1.278 1.2599303
1.28 1.2590512
1.282 1.258179
1.284 1.2573139
1.286 1.2564559
1.288 1.2556051
1.29 1.2547614
1.292 1.2539251
1.294 1.2530961
1.296 1.2522746
1.298 1.2514605
1.3 1.250654
1.302 1.2498552
1.304 1.249064
1.306 1.2482806
1.308 1.2475051
1.31 1.2467374
1.312 1.2459777
1.314 1.245226
1.316 1.2444824
1.318 1.243747
1.32 1.2430199
1.322 1.242301
1.324 1.2415905
1.326 1.2408884
1.328 1.2401948
1.33 1.2395098
1.332 1.2388334
1.334 1.2381657
1.336 1.2375068
1.338 1.2368567
1.34 1.2362155
1.342 1.2355833
1.344 1.2349601
1.346 1.234346
1.348 1.2337411
1.35 1.2331454
1.352 1.232559
1.354 1.231982
1.356 1.2314144
1.358 1.2308563
1.36 1.2303078
1.362 1.229769
1.364 1.2292398
1.366 1.2287204
1.368 1.2282108
1.37 1.2277112
1.372 1.2272215
1.374 1.2267418
1.376 1.2262723
1.378 1.2258129
1.38 1.2253638
1.382 1.224925
1.384 1.2244965
1.386 1.2240785
1.388 1.223671
1.39 1.223274
1.392 1.2228877
1.394 1.2225121
1.396 1.2221473
1.398 1.2217933
1.4 1.2214503
1.402 1.2211182
1.404 1.2207971
1.406 1.2204872
1.408 1.2201884
1.41 1.2199008
1.412 1.2196246
1.414 1.2193598
1.416 1.2191064
1.418 1.2188645
1.42 1.2186341
1.422 1.2184155
1.424 1.2182085
1.426 1.2180133
1.428 1.2178299
1.43 1.2176585
1.432 1.217499
1.434 1.2173516
1.436 1.2172163
1.438 1.2170932
1.44 1.2169823
1.442 1.2168837
1.444 1.2167975
1.446 1.2167238
1.448 1.2166626
1.45 1.2166139
1.452 1.2165779
1.454 1.2165546
1.456 1.2165441
1.458 1.2165464
1.46 1.2165617
1.462 1.2165899
1.464 1.2166312
1.466 1.2166855
1.468 1.2167531
1.47 1.2168339
1.472 1.2169281
1.474 1.2170356
1.476 1.2171565
1.478 1.217291
1.48 1.2174391
1.482 1.2176008
1.484 1.2177762
1.486 1.2179654
1.488 1.2181685
1.49 1.2183855
1.492 1.2186165
1.494 1.2188615
1.496 1.2191206
1.498 1.2193939
1.5 1.2196815
1.502 1.2199834
1.504 1.2202997
1.506 1.2206304
1.508 1.2209756
1.51 1.2213355
1.512 1.22171
1.514 1.2220992
1.516 1.2225032
1.518 1.222922
1.52 1.2233558
1.522 1.2238045
1.524 1.2242683
1.526 1.2247473
1.528 1.2252414
1.53 1.2257508
1.532 1.2262755
1.534 1.2268156
1.536 1.2273711
1.538 1.2279422
1.54 1.2285288
1.542 1.2291311
1.544 1.2297492
1.546 1.230383
1.548 1.2310327
1.55 1.2316983
1.552 1.2323799
1.554 1.2330775
1.556 1.2337913
1.558 1.2345213
1.56 1.2352675
1.562 1.2360301
1.564 1.236809
1.566 1.2376044
1.568 1.2384164
1.57 1.2392449
1.572 1.2400901
1.574 1.240952
1.576 1.2418307
1.578 1.2427263
1.58 1.2436388
1.582 1.2445682
1.584 1.2455148
1.586 1.2464785
1.588 1.2474594
1.59 1.2484575
1.592 1.249473
1.594 1.2505058
1.596 1.2515561
1.598 1.252624
1.6 1.2537094
1.602 1.2548126
1.604 1.2559334
1.606 1.257072
1.608 1.2582285
1.61 1.259403
1.612 1.2605954
1.614 1.2618059
1.616 1.2630345
1.618 1.2642814
1.62 1.2655465
1.622 1.2668299
1.624 1.2681317
1.626 1.269452
1.628 1.2707908
1.63 1.2721483
1.632 1.2735244
1.634 1.2749192
1.636 1.2763328
1.638 1.2777653
1.64 1.2792167
1.642 1.2806872
1.644 1.2821767
1.646 1.2836853
1.648 1.2852131
1.65 1.2867602
1.652 1.2883267
1.654 1.2899125
1.656 1.2915178
1.658 1.2931427
1.66 1.2947871
1.662 1.2964512
1.664 1.2981351
1.666 1.2998387
1.668 1.3015623
1.67 1.3033057
1.672 1.3050692
1.674 1.3068528
1.676 1.3086565
1.678 1.3104803
1.68 1.3123245
1.682 1.314189
1.684 1.3160739
1.686 1.3179793
1.688 1.3199052
1.69 1.3218517
1.692 1.3238189
1.694 1.3258069
1.696 1.3278156
1.698 1.3298452
1.7 1.3318958
1.702 1.3339674
1.704 1.33606
1.706 1.3381738
1.708 1.3403088
1.71 1.3424651
1.712 1.3446427
1.714 1.3468417
1.716 1.3490622
1.718 1.3513043
1.72 1.3535679
1.722 1.3558533
1.724 1.3581603
1.726 1.3604892
1.728 1.36284
1.73 1.3652127
1.732 1.3676074
1.734 1.3700242
1.736 1.3724631
1.738 1.3749243
1.74 1.3774077
1.742 1.3799135
1.744 1.3824417
1.746 1.3849924
1.748 1.3875656
1.75 1.3901614
1.752 1.3927799
1.754 1.3954212
1.756 1.3980853
1.758 1.4007722
1.76 1.4034821
1.762 1.406215
1.764 1.408971
1.766 1.4117502
1.768 1.4145526
1.77 1.4173782
1.772 1.4202272
1.774 1.4230996
1.776 1.4259955
1.778 1.428915
1.78 1.431858
1.782 1.4348248
1.784 1.4378153
1.786 1.4408296
1.788 1.4438678
1.79 1.4469299
1.792 1.4500161
1.794 1.4531263
1.796 1.4562607
1.798 1.4594194
1.8 1.4626023
1.802 1.4658095
1.804 1.4690412
1.806 1.4722974
1.808 1.4755781
1.81 1.4788835
1.812 1.4822135
1.814 1.4855683
1.816 1.4889479
1.818 1.4923524
1.82 1.4957818
1.822 1.4992363
1.824 1.5027158
1.826 1.5062206
1.828 1.5097505
1.83 1.5133057
1.832 1.5168863
1.834 1.5204923
1.836 1.5241238
1.838 1.5277808
1.84 1.5314635
1.842 1.5351719
1.844 1.538906
1.846 1.542666
1.848 1.5464518
1.85 1.5502636
1.852 1.5541014
1.854 1.5579653
1.856 1.5618554
1.858 1.5657717
1.86 1.5697143
1.862 1.5736832
1.864 1.5776786
1.866 1.5817005
1.868 1.5857489
1.87 1.589824
1.872 1.5939257
1.874 1.5980542
1.876 1.6022096
1.878 1.6063918
1.88 1.610601
1.882 1.6148372
1.884 1.6191005
1.886 1.623391
1.888 1.6277087
1.89 1.6320537
1.892 1.6364261
1.894 1.6408259
1.896 1.6452532
1.898 1.6497081
1.9 1.6541906
1.902 1.6587007
1.904 1.6632387
1.906 1.6678045
1.908 1.6723982
1.91 1.6770198
1.912 1.6816695
1.914 1.6863473
1.916 1.6910532
1.918 1.6957874
1.92 1.7005499
1.922 1.7053407
1.924 1.71016
1.926 1.7150078
1.928 1.7198841
1.93 1.7247891
1.932 1.7297227
1.934 1.7346852
1.936 1.7396765
1.938 1.7446966
1.94 1.7497458
1.942 1.754824
1.944 1.7599313
1.946 1.7650677
1.948 1.7702334
1.95 1.7754284
1.952 1.7806528
1.954 1.7859066
1.956 1.7911899
1.958 1.7965027
1.96 1.8018453
1.962 1.8072175
1.964 1.8126195
1.966 1.8180513
1.968 1.823513
1.97 1.8290047
1.972 1.8345265
1.974 1.8400783
1.976 1.8456603
1.978 1.8512726
1.98 1.8569151
1.982 1.8625881
1.984 1.8682915
1.986 1.8740253
1.988 1.8797898
1.99 1.8855849
1.992 1.8914107
1.994 1.8972673
1.996 1.9031547
1.998 1.909073
2 1.9150223
