0 4.9008176
0.002 4.5147558
0.004 4.1485129
0.006 3.8014232
0.008 3.4728372
0.01 3.1621211
0.012 2.8686565
0.014 2.5918402
0.016 2.3310842
0.018 2.0858146
0.02 1.8554723
0.022 1.6395121
0.024 1.4374027
0.026 1.2486264
0.028 1.0726789
0.03 0.90906879
0.032 0.75731766
0.034 0.61695963
0.036 0.48754118
0.038 0.36862092
0.04 0.25976934
0.042 0.16056857
0.044 0.070612173
0.046 -0.010495068
0.048 -0.083137403
0.05 -0.14768831
0.052 -0.20451071
0.054 -0.2539572
0.056 -0.2963702
0.058 -0.33208226
0.06 -0.36141614
0.062 -0.38468512
0.064 -0.40219311
0.066 -0.4142349
0.068 -0.42109633
0.07 -0.42305446
0.072 -0.42037778
0.074 -0.41332638
0.076 -0.40215214
0.078 -0.38709889
0.08 -0.36840258
0.082 -0.34629147
0.084 -0.3209863
0.086 -0.29270043
0.088 -0.26164002
0.09 -0.2280042
0.092 -0.19198519
0.094 -0.1537685
0.096 -0.11353307
0.098 -0.071451411
0.1 -0.027689741
0.102 0.017591838
0.104 0.064239217
0.106 0.11210413
0.108 0.16104403
0.11 0.21092192
0.112 0.26160627
0.114 0.31297084
0.116 0.36489455
0.118 0.4172614
0.12 0.46996029
0.122 0.52288494
0.124 0.57593372
0.126 0.62900958
0.128 0.6820199
0.13 0.7348764
0.132 0.787495
0.134 0.83979573
0.136 0.89170261
0.138 0.94314355
0.14 0.99405024
0.142 1.044358
0.144 1.0940059
0.146 1.1429362
0.148 1.1910948
0.15 1.2384307
0.152 1.2848962
0.154 1.3304466
0.156 1.3750403
0.158 1.4186386
0.16 1.4612056
0.162 1.5027081
0.164 1.5431156
0.166 1.5824002
0.168 1.6205363
0.17 1.6575011
0.172 1.6932738
0.174 1.727836
0.176 1.7611713
0.178 1.7932658
0.18 1.8241072
0.182 1.8536854
0.184 1.8819922
0.186 1.9090212
0.188 1.9347677
0.19 1.9592288
0.192 1.9824032
0.194 2.0042911
0.196 2.0248944
0.198 2.0442161
0.2 2.0622611
0.202 2.0790351
0.204 2.0945456
0.206 2.1088008
0.208 2.1218106
0.21 2.1335856
0.212 2.1441377
0.214 2.1534798
0.216 2.1616256
0.218 2.16859
0.22 2.1743886
0.222 2.1790379
0.224 2.182555
0.226 2.1849581
0.228 2.1862658
0.23 2.1864975
0.232 2.1856733
0.234 2.1838136
0.236 2.1809396
0.238 2.177073
0.24 2.1722359
0.242 2.1664507
0.244 2.1597405
0.246 2.1521286
0.248 2.1436387
0.25 2.1342946
0.252 2.1241207
0.254 2.1131414
0.256 2.1013814
0.258 2.0888657
0.26 2.0756192
0.262 2.0616672
0.264 2.0470349
0.266 2.0317478
0.268 2.0158312
0.27 1.9993107
0.272 1.9822117
0.274 1.9645598
0.276 1.9463803
0.278 1.9276987
0.28 1.9085403
0.282 1.8889303
0.284 1.8688939
0.286 1.8484561
0.288 1.8276418
0.29 1.8064756
0.292 1.784982
0.294 1.7631855
0.296 1.7411102
0.298 1.7187799
0.3 1.6962183
0.302 1.673449
0.304 1.6504949
0.306 1.6273792
0.308 1.6041243
0.31 1.5807525
0.312 1.557286
0.314 1.5337464
0.316 1.5101551
0.318 1.4865332
0.32 1.4629013
0.322 1.4392798
0.324 1.4156888
0.326 1.3921477
0.328 1.3686761
0.33 1.3452926
0.332 1.3220159
0.334 1.298864
0.336 1.2758547
0.338 1.2530052
0.34 1.2303327
0.342 1.2078534
0.344 1.1855836
0.346 1.163539
0.348 1.1417348
0.35 1.120186
0.352 1.0989068
0.354 1.0779115
0.356 1.0572135
0.358 1.036826
0.36 1.0167619
0.362 0.99703327
0.364 0.97765217
0.366 0.95863002
0.368 0.93997785
0.37 0.92170627
0.372 0.90382546
0.374 0.88634518
0.376 0.86927476
0.378 0.8526231
0.38 0.83639869
0.382 0.8206096
0.384 0.80526348
0.386 0.79036756
0.388 0.77592867
0.39 0.76195321
0.392 0.74844718
0.394 0.73541619
0.396 0.72286543
0.398 0.71079971
0.4 0.69922342
0.402 0.68814059
0.404 0.67755484
0.406 0.6674694
0.408 0.65788716
0.41 0.6488106
0.412 0.64024184
0.414 0.63218264
0.416 0.62463438
0.418 0.61759812
0.42 0.61107453
0.422 0.60506395
0.424 0.59956639
0.426 0.5945815
0.428 0.59010862
0.43 0.58614675
0.432 0.58269458
0.434 0.57975048
0.436 0.57731251
0.438 0.57537843
0.44 0.5739457
0.442 0.5730115
0.444 0.57257269
0.446 0.57262589
0.448 0.57316742
0.45 0.57419335
0.452 0.57569947
0.454 0.57768132
0.456 0.5801342
0.458 0.58305316
0.46 0.586433
0.462 0.5902683
0.464 0.59455342
0.466 0.5992825
0.468 0.60444945
0.47 0.61004799
0.472 0.61607164
0.474 0.62251372
0.476 0.62936735
0.478 0.6366255
0.48 0.64428095
0.482 0.65232629
0.484 0.66075397
0.486 0.66955629
0.488 0.67872539
0.49 0.68825325
0.492 0.69813174
0.494 0.70835259
0.496 0.71890739
0.498 0.72978762
0.5 0.74098466
0.502 0.75248977
0.504 0.76429411
0.506 0.77638874
0.508 0.78876463
0.51 0.80141269
0.512 0.81432373
0.514 0.8274885
0.516 0.84089767
0.518 0.85454186
0.52 0.86841164
0.522 0.88249752
0.524 0.89678998
0.526 0.91127946
0.528 0.92595636
0.53 0.94081106
0.532 0.95583392
0.534 0.97101527
0.536 0.98634545
0.538 1.0018148
0.54 1.0174136
0.542 1.0331322
0.544 1.048961
0.546 1.0648903
0.548 1.0809105
0.55 1.0970119
0.552 1.1131851
0.554 1.1294204
0.556 1.1457085
0.558 1.1620397
0.56 1.1784048
0.562 1.1947943
0.564 1.211199
0.566 1.2276096
0.568 1.2440169
0.57 1.2604119
0.572 1.2767855
0.574 1.2931287
0.576 1.3094327
0.578 1.3256887
0.58 1.341888
0.582 1.3580219
0.584 1.3740819
0.586 1.3900597
0.588 1.4059469
0.59 1.4217353
0.592 1.4374167
0.594 1.4529832
0.596 1.4684269
0.598 1.4837401
0.6 1.4989151
0.602 1.5139443
0.604 1.5288204
0.606 1.5435361
0.608 1.5580843
0.61 1.5724579
0.612 1.5866502
0.614 1.6006543
0.616 1.6144636
0.618 1.6280718
0.62 1.6414725
0.622 1.6546595
0.624 1.6676269
0.626 1.6803687
0.628 1.6928793
0.63 1.7051531
0.632 1.7171847
0.634 1.7289688
0.636 1.7405003
0.638 1.7517744
0.64 1.7627861
0.642 1.773531
0.644 1.7840046
0.646 1.7942025
0.648 1.8041206
0.65 1.813755
0.652 1.8231019
0.654 1.8321576
0.656 1.8409187
0.658 1.8493818
0.66 1.8575439
0.662 1.8654019
0.664 1.8729531
0.666 1.8801948
0.668 1.8871246
0.67 1.8937401
0.672 1.9000393
0.674 1.9060202
0.676 1.911681
0.678 1.91702
0.68 1.9220358
0.682 1.9267271
0.684 1.9310929
0.686 1.935132
0.688 1.9388438
0.69 1.9422276
0.692 1.945283
0.694 1.9480095
0.696 1.9504072
0.698 1.952476
0.7 1.9542161
0.702 1.9556279
0.704 1.9567118
0.706 1.9574685
0.708 1.9578988
0.71 1.9580036
0.712 1.9577842
0.714 1.9572418
0.716 1.9563778
0.718 1.9551937
0.72 1.9536914
0.722 1.9518726
0.724 1.9497393
0.726 1.9472938
0.728 1.9445384
0.73 1.9414754
0.732 1.9381074
0.734 1.9344372
0.736 1.9304676
0.738 1.9262015
0.74 1.9216421
0.742 1.9167926
0.744 1.9116563
0.746 1.9062368
0.748 1.9005377
0.75 1.8945626
0.752 1.8883154
0.754 1.8818001
0.756 1.8750207
0.758 1.8679814
0.76 1.8606865
0.762 1.8531404
0.764 1.8453476
0.766 1.8373126
0.768 1.8290403
0.77 1.8205353
0.772 1.8118025
0.774 1.802847
0.776 1.7936738
0.778 1.784288
0.78 1.7746949
0.782 1.7648997
0.784 1.7549079
0.786 1.7447249
0.788 1.7343564
0.79 1.7238077
0.792 1.7130848
0.794 1.7021932
0.796 1.6911388
0.798 1.6799274
0.8 1.668565
0.802 1.6570575
0.804 1.645411
0.806 1.6336315
0.808 1.621725
0.81 1.6096979
0.812 1.5975562
0.814 1.5853062
0.816 1.5729541
0.818 1.5605063
0.82 1.547969
0.822 1.5353487
0.824 1.5226516
0.826 1.5098841
0.828 1.4970527
0.83 1.4841638
0.832 1.4712238
0.834 1.4582391
0.836 1.4452162
0.838 1.4321616
0.84 1.4190816
0.842 1.4059827
0.844 1.3928713
0.846 1.3797539
0.848 1.3666369
0.85 1.3535267
0.852 1.3404296
0.854 1.3273521
0.856 1.3143005
0.858 1.3012811
0.86 1.2883001
0.862 1.2753639
0.864 1.2624787
0.866 1.2496507
0.868 1.236886
0.87 1.2241908
0.872 1.2115711
0.874 1.1990329
0.876 1.1865823
0.878 1.1742252
0.88 1.1619674
0.882 1.1498148
0.884 1.1377731
0.886 1.125848
0.888 1.1140453
0.89 1.1023704
0.892 1.0908289
0.894 1.0794262
0.896 1.0681677
0.898 1.0570588
0.9 1.0461046
0.902 1.0353102
0.904 1.0246808
0.906 1.0142214
0.908 1.0039368
0.91 0.99383185
0.912 0.98391132
0.914 0.97417983
0.916 0.96464194
0.918 0.95530212
0.92 0.94616471
0.922 0.937234
0.924 0.92851416
0.926 0.92000926
0.928 0.91172327
0.93 0.90366006
0.932 0.8958234
0.934 0.88821694
0.936 0.88084423
0.938 0.87370872
0.94 0.86681375
0.942 0.86016252
0.944 0.85375817
0.946 0.84760367
0.948 0.84170191
0.95 0.83605567
0.952 0.83066757
0.954 0.82554017
0.956 0.82067586
0.958 0.81607694
0.96 0.81174558
0.962 0.80768382
0.964 0.8038936
0.966 0.80037671
0.968 0.79713484
0.97 0.79416954
0.972 0.79148224
0.974 0.78907423
0.976 0.7869467
0.978 0.7851007
0.98 0.78353715
0.982 0.78225683
0.984 0.78126043
0.986 0.78054847
0.988 0.78012138
0.99 0.77997942
0.992 0.78012275
0.994 0.78055139
0.996 0.78126525
0.998 0.78226408
1 0.78354752
1.002 0.78511508
1.004 0.78696614
1.006 0.78909995
1.008 0.79151564
1.01 0.79421219
1.012 0.79718849
1.014 0.80044327
1.016 0.80397514
1.018 0.8077826
1.02 0.811864
1.022 0.8162176
1.024 0.82084149
1.026 0.82573368
1.028 0.83089203
1.03 0.83631429
1.032 0.84199809
1.034 0.84794093
1.036 0.85414019
1.038 0.86059315
1.04 0.86729695
1.042 0.87424864
1.044 0.88144513
1.046 0.88888323
1.048 0.89655963
1.05 0.90447091
1.052 0.91261355
1.054 0.92098391
1.056 0.92957825
1.058 0.93839272
1.06 0.94742336
1.062 0.95666612
1.064 0.96611683
1.066 0.97577126
1.068 0.98562502
1.07 0.99567369
1.072 1.0059127
1.074 1.0163374
1.076 1.0269431
1.078 1.037725
1.08 1.0486781
1.082 1.0597975
1.084 1.0710781
1.086 1.0825147
1.088 1.0941021
1.09 1.105835
1.092 1.1177079
1.094 1.1297155
1.096 1.1418522
1.098 1.1541124
1.1 1.1664904
1.102 1.1789806
1.104 1.191577
1.106 1.2042738
1.108 1.2170653
1.11 1.2299452
1.112 1.2429077
1.114 1.2559468
1.116 1.2690561
1.118 1.2822297
1.12 1.2954613
1.122 1.3087446
1.124 1.3220735
1.126 1.3354414
1.128 1.3488422
1.13 1.3622694
1.132 1.3757167
1.134 1.3891775
1.136 1.4026455
1.138 1.4161142
1.14 1.429577
1.142 1.4430276
1.144 1.4564593
1.146 1.4698656
1.148 1.4832401
1.15 1.4965762
1.152 1.5098674
1.154 1.5231071
1.156 1.5362888
1.158 1.5494061
1.16 1.5624524
1.162 1.5754213
1.164 1.5883062
1.166 1.6011007
1.168 1.6137985
1.17 1.626393
1.172 1.638878
1.174 1.6512471
1.176 1.663494
1.178 1.6756124
1.18 1.6875961
1.182 1.699439
1.184 1.7111348
1.186 1.7226775
1.188 1.7340611
1.19 1.7452795
1.192 1.7563269
1.194 1.7671974
1.196 1.7778852
1.198 1.7883845
1.2 1.7986897
1.202 1.8087951
1.204 1.8186953
1.206 1.8283848
1.208 1.8378582
1.21 1.8471102
1.212 1.8561357
1.214 1.8649295
1.216 1.8734867
1.218 1.8818021
1.22 1.8898711
1.222 1.8976889
1.224 1.9052508
1.226 1.9125523
1.228 1.919589
1.23 1.9263566
1.232 1.9328508
1.234 1.9390675
1.236 1.9450027
1.238 1.9506526
1.24 1.9560135
1.242 1.9610816
1.244 1.9658536
1.246 1.9703259
1.248 1.9744954
1.25 1.9783589
1.252 1.9819135
1.254 1.9851563
1.256 1.9880846
1.258 1.9906958
1.26 1.9929874
1.262 1.9949572
1.264 1.9966031
1.266 1.997923
1.268 1.998915
1.27 1.9995775
1.272 1.9999089
1.274 1.9999079
1.276 1.999573
1.278 1.9989034
1.28 1.9978979
1.282 1.9965559
1.284 1.9948767
1.286 1.9928599
1.288 1.9905052
1.29 1.9878124
1.292 1.9847816
1.294 1.981413
1.296 1.9777069
1.298 1.9736639
1.3 1.9692846
1.302 1.96457
1.304 1.9595211
1.306 1.954139
1.308 1.9484253
1.31 1.9423813
1.312 1.9360089
1.314 1.9293099
1.316 1.9222864
1.318 1.9149407
1.32 1.9072751
1.322 1.8992923
1.324 1.8909949
1.326 1.882386
1.328 1.8734687
1.33 1.8642461
1.332 1.8547218
1.334 1.8448994
1.336 1.8347826
1.338 1.8243755
1.34 1.8136822
1.342 1.8027069
1.344 1.7914542
1.346 1.7799286
1.348 1.7681351
1.35 1.7560785
1.352 1.743764
1.354 1.7311969
1.356 1.7183827
1.358 1.705327
1.36 1.6920356
1.362 1.6785144
1.364 1.6647695
1.366 1.6508073
1.368 1.636634
1.37 1.6222564
1.372 1.607681
1.374 1.5929147
1.376 1.5779646
1.378 1.5628379
1.38 1.5475417
1.382 1.5320835
1.384 1.516471
1.386 1.5007118
1.388 1.4848137
1.39 1.4687847
1.392 1.4526329
1.394 1.4363666
1.396 1.419994
1.398 1.4035236
1.4 1.3869639
1.402 1.3703238
1.404 1.3536119
1.406 1.3368371
1.408 1.3200084
1.41 1.303135
1.412 1.286226
1.414 1.2692907
1.416 1.2523385
1.418 1.2353787
1.42 1.218421
1.422 1.2014749
1.424 1.1845502
1.426 1.1676565
1.428 1.1508036
1.43 1.1340015
1.432 1.11726
1.434 1.1005891
1.436 1.0839988
1.438 1.0674991
1.44 1.0511003
1.442 1.0348123
1.444 1.0186453
1.446 1.0026094
1.448 0.98671499
1.45 0.97097209
1.452 0.95539095
1.454 0.93998176
1.456 0.92475472
1.458 0.90972001
1.46 0.89488781
1.462 0.88026827
1.464 0.86587151
1.466 0.85170762
1.468 0.83778665
1.47 0.82411863
1.472 0.81071351
1.474 0.7975812
1.476 0.78473155
1.478 0.77217434
1.48 0.75991928
1.482 0.747976
1.484 0.73635404
1.486 0.72506287
1.488 0.71411184
1.49 0.7035102
1.492 0.69326711
1.494 0.6833916
1.496 0.67389257
1.498 0.66477881
1.5 0.65605897
1.502 0.64774154
1.504 0.6398349
1.506 0.63234725
1.508 0.62528664
1.51 0.61866093
1.512 0.61247785
1.514 0.60674492
1.516 0.60146947
1.518 0.59665866
1.52 0.59231944
1.522 0.58845855
1.524 0.58508252
1.526 0.58219767
1.528 0.57981008
1.53 0.57792561
1.532 0.57654988
1.534 0.57568827
1.536 0.57534589
1.538 0.5755276
1.54 0.57623803
1.542 0.57748148
1.544 0.57926202
1.546 0.58158342
1.548 0.58444917
1.55 0.58786244
1.552 0.59182613
1.554 0.59634282
1.556 0.60141476
1.558 0.60704391
1.56 0.61323188
1.562 0.61997997
1.564 0.62728912
1.566 0.63515994
1.568 0.6435927
1.57 0.65258729
1.572 0.66214327
1.574 0.67225981
1.576 0.68293574
1.578 0.69416948
1.58 0.70595909
1.582 0.71830225
1.584 0.73119623
1.586 0.74463792
1.588 0.75862381
1.59 0.77314999
1.592 0.78821213
1.594 0.8038055
1.596 0.81992495
1.598 0.8365649
1.6 0.85371937
1.602 0.87138193
1.604 0.88954574
1.606 0.90820351
1.608 0.92734752
1.61 0.94696962
1.612 0.96706121
1.614 0.98761325
1.616 1.0086163
1.618 1.0300603
1.62 1.051935
1.622 1.0742294
1.624 1.0969324
1.626 1.1200322
1.628 1.1435166
1.63 1.167373
1.632 1.1915882
1.634 1.2161487
1.636 1.2410405
1.638 1.2662491
1.64 1.2917597
1.642 1.3175568
1.644 1.3436247
1.646 1.3699471
1.648 1.3965073
1.65 1.4232882
1.652 1.4502722
1.654 1.4774412
1.656 1.5047769
1.658 1.5322604
1.66 1.5598723
1.662 1.5875929
1.664 1.6154021
1.666 1.6432795
1.668 1.6712039
1.67 1.6991542
1.672 1.7271085
1.674 1.7550448
1.676 1.7829406
1.678 1.8107731
1.68 1.838519
1.682 1.8661548
1.684 1.8936567
1.686 1.9210003
1.688 1.9481613
1.69 1.9751147
1.692 2.0018355
1.694 2.0282982
1.696 2.0544771
1.698 2.0803463
1.7 2.1058797
1.702 2.1310509
1.704 2.1558332
1.706 2.1801998
1.708 2.2041237
1.71 2.2275779
1.712 2.2505349
1.714 2.2729675
1.716 2.2948479
1.718 2.3161488
1.72 2.3368423
1.722 2.3569007
1.724 2.3762964
1.726 2.3950014
1.728 2.4129882
1.73 2.4302289
1.732 2.4466961
1.734 2.4623621
1.736 2.4771996
1.738 2.4911813
1.74 2.5042801
1.742 2.5164692
1.744 2.5277219
1.746 2.5380119
1.748 2.547313
1.75 2.5555996
1.752 2.5628463
1.754 2.5690281
1.756 2.5741203
1.758 2.578099
1.76 2.5809406
1.762 2.5826219
1.764 2.5831206
1.766 2.5824149
1.768 2.5804834
1.77 2.5773058
1.772 2.5728623
1.774 2.567134
1.776 2.5601029
1.778 2.5517515
1.78 2.5420638
1.782 2.5310243
1.784 2.5186188
1.786 2.504834
1.788 2.4896579
1.79 2.4730796
1.792 2.4550895
1.794 2.4356791
1.796 2.4148415
1.798 2.392571
1.8 2.3688635
1.802 2.3437164
1.804 2.3171287
1.806 2.2891009
1.808 2.2596356
1.81 2.2287367
1.812 2.1964103
1.814 2.1626643
1.816 2.1275086
1.818 2.0909551
1.82 2.0530181
1.822 2.0137136
1.824 1.9730605
1.826 1.9310796
1.828 1.8877944
1.83 1.8432308
1.832 1.7974174
1.834 1.7503853
1.836 1.7021687
1.838 1.6528044
1.84 1.6023322
1.842 1.5507951
1.844 1.4982391
1.846 1.4447135
1.848 1.3902708
1.85 1.3349671
1.852 1.2788619
1.854 1.2220185
1.856 1.1645038
1.858 1.1063884
1.86 1.0477472
1.862 0.98865888
1.864 0.92920635
1.866 0.86947684
1.868 0.80956196
1.87 0.74955781
1.872 0.68956516
1.874 0.62968949
1.876 0.5700412
1.878 0.51073564
1.88 0.45189335
1.882 0.39364007
1.884 0.33610698
1.886 0.27943077
1.888 0.22375377
1.89 0.16922414
1.892 0.11599597
1.894 0.064229449
1.896 0.014090977
1.898 -0.034246651
1.9 -0.080604112
1.902 -0.1247954
1.904 -0.16662768
1.906 -0.20590109
1.908 -0.24240865
1.91 -0.27593602
1.912 -0.30626141
1.914 -0.33315533
1.916 -0.35638052
1.918 -0.37569167
1.92 -0.39083531
1.922 -0.40154963
1.924 -0.40756427
1.926 -0.40860015
1.928 -0.40436927
1.93 -0.39457455
1.932 -0.37890961
1.934 -0.35705857
1.936 -0.32869588
1.938 -0.2934861
1.94 -0.25108367
1.942 -0.20113275
1.944 -0.143267
1.946 -0.077109308
1.948 -0.0022716603
1.95 0.081645148
1.952 0.1750517
1.954 0.2783702
1.956 0.3920347
1.958 0.51649131
1.96 0.6521985
1.962 0.79962727
1.964 0.95926141
1.966 1.1315978
1.968 1.3171465
1.97 1.5164313
1.972 1.7299897
1.974 1.9583733
1.976 2.202148
1.978 2.4618942
1.98 2.7382075
1.982 3.0316983
1.984 3.3429926
1.986 3.6727322
1.988 4.0215746
1.99 4.390194
1.992 4.7792808
1.994 5.1895426
1.996 5.621704
1.998 6.0765071
2 6.5547119
