0 4.3344983
0.002 4.0207128
0.004 3.7220971
0.006 3.4381801
0.008 3.1685011
0.01 2.9126092
0.012 2.6700634
0.014 2.4404327
0.016 2.2232953
0.018 2.0182391
0.02 1.8248613
0.022 1.6427681
0.024 1.4715747
0.026 1.3109053
0.028 1.1603926
0.03 1.0196781
0.032 0.88841159
0.034 0.76625117
0.036 0.65286313
0.038 0.54792176
0.04 0.45110928
0.042 0.36211562
0.044 0.28063837
0.046 0.20638264
0.048 0.13906088
0.05 0.078392802
0.052 0.02410526
0.054 -0.024067904
0.056 -0.066385962
0.058 -0.10310142
0.06 -0.13446015
0.062 -0.16070149
0.064 -0.18205837
0.066 -0.19875741
0.068 -0.21101907
0.07 -0.21905772
0.072 -0.22308178
0.074 -0.22329382
0.076 -0.21989065
0.078 -0.21306346
0.08 -0.2029979
0.082 -0.18987419
0.084 -0.17386722
0.086 -0.15514667
0.088 -0.13387709
0.09 -0.11021799
0.092 -0.084323982
0.094 -0.056344815
0.096 -0.02642552
0.098 0.0052935185
0.1 0.038676465
0.102 0.073591942
0.104 0.10991294
0.106 0.14751673
0.108 0.18628476
0.11 0.22610261
0.112 0.26685984
0.114 0.30844998
0.116 0.35077039
0.118 0.39372219
0.12 0.43721021
0.122 0.48114286
0.124 0.52543209
0.126 0.56999331
0.128 0.61474529
0.13 0.65961009
0.132 0.704513
0.134 0.74938247
0.136 0.79415
0.138 0.83875013
0.14 0.88312029
0.142 0.92720081
0.144 0.97093481
0.146 1.0142681
0.148 1.0571492
0.15 1.0995293
0.152 1.1413619
0.154 1.1826032
0.156 1.2232116
0.158 1.263148
0.16 1.3023756
0.162 1.3408598
0.164 1.3785679
0.166 1.4154698
0.168 1.451537
0.17 1.4867432
0.172 1.5210642
0.174 1.5544772
0.176 1.5869618
0.178 1.6184991
0.18 1.6490718
0.182 1.6786645
0.184 1.7072633
0.186 1.734856
0.188 1.7614318
0.19 1.7869815
0.192 1.8114973
0.194 1.8349726
0.196 1.8574025
0.198 1.8787831
0.2 1.8991119
0.202 1.9183876
0.204 1.9366101
0.206 1.9537803
0.208 1.9699003
0.21 1.9849733
0.212 1.9990034
0.214 2.0119957
0.216 2.0239562
0.218 2.0348921
0.22 2.0448109
0.222 2.0537216
0.224 2.0616333
0.226 2.0685565
0.228 2.074502
0.23 2.0794814
0.232 2.0835071
0.234 2.086592
0.236 2.0887495
0.238 2.0899939
0.24 2.0903398
0.242 2.0898022
0.244 2.0883969
0.246 2.0861399
0.248 2.0830479
0.25 2.0791376
0.252 2.0744265
0.254 2.0689322
0.256 2.0626726
0.258 2.0556662
0.26 2.0479315
0.262 2.0394872
0.264 2.0303526
0.266 2.0205469
0.268 2.0100896
0.27 1.9990003
0.272 1.9872989
0.274 1.9750053
0.276 1.9621396
0.278 1.9487219
0.28 1.9347725
0.282 1.9203117
0.284 1.9053597
0.286 1.889937
0.288 1.8740639
0.29 1.8577609
0.292 1.8410481
0.294 1.823946
0.296 1.8064748
0.298 1.7886547
0.3 1.7705057
0.302 1.752048
0.304 1.7333014
0.306 1.7142858
0.308 1.6950207
0.31 1.6755258
0.312 1.6558203
0.314 1.6359236
0.316 1.6158546
0.318 1.5956323
0.32 1.5752752
0.322 1.5548018
0.324 1.5342305
0.326 1.5135792
0.328 1.4928658
0.33 1.4721077
0.332 1.4513225
0.334 1.430527
0.336 1.4097383
0.338 1.3889727
0.34 1.3682467
0.342 1.3475762
0.344 1.326977
0.346 1.3064645
0.348 1.2860539
0.35 1.2657601
0.352 1.2455976
0.354 1.2255806
0.356 1.2057233
0.358 1.186039
0.36 1.1665414
0.362 1.1472432
0.364 1.1281572
0.366 1.1092958
0.368 1.090671
0.37 1.0722945
0.372 1.0541777
0.374 1.0363316
0.376 1.018767
0.378 1.0014942
0.38 0.98452335
0.382 0.96786405
0.384 0.95152572
0.386 0.93551738
0.388 0.91984774
0.39 0.90452515
0.392 0.88955764
0.394 0.8749529
0.396 0.86071828
0.398 0.84686079
0.4 0.83338711
0.402 0.82030359
0.404 0.80761624
0.406 0.79533076
0.408 0.78345249
0.41 0.77198646
0.412 0.76093738
0.414 0.75030962
0.416 0.74010723
0.418 0.73033397
0.42 0.72099323
0.422 0.71208814
0.424 0.70362148
0.426 0.69559574
0.428 0.6880131
0.43 0.68087543
0.432 0.67418431
0.434 0.66794101
0.436 0.66214653
0.438 0.65680154
0.44 0.65190647
0.442 0.64746143
0.444 0.64346628
0.446 0.63992057
0.448 0.63682361
0.45 0.63417442
0.452 0.63197177
0.454 0.63021417
0.456 0.62889987
0.458 0.62802686
0.46 0.62759289
0.462 0.62759548
0.464 0.62803189
0.466 0.62889915
0.468 0.63019407
0.47 0.63191324
0.472 0.63405301
0.474 0.63660952
0.476 0.63957871
0.478 0.6429563
0.48 0.64673782
0.482 0.6509186
0.484 0.65549377
0.486 0.66045827
0.488 0.66580687
0.49 0.67153417
0.492 0.67763457
0.494 0.68410232
0.496 0.6909315
0.498 0.69811605
0.5 0.70564972
0.502 0.71352616
0.504 0.72173883
0.506 0.73028109
0.508 0.73914614
0.51 0.74832707
0.512 0.75781683
0.514 0.76760826
0.516 0.7776941
0.518 0.78806696
0.52 0.79871936
0.522 0.80964371
0.524 0.82083234
0.526 0.83227748
0.528 0.84397128
0.53 0.85590583
0.532 0.86807311
0.534 0.88046505
0.536 0.89307353
0.538 0.90589033
0.54 0.91890723
0.542 0.93211591
0.544 0.94550803
0.546 0.95907521
0.548 0.97280902
0.55 0.986701
0.552 1.0007427
0.554 1.0149256
0.556 1.0292411
0.558 1.0436808
0.56 1.0582361
0.562 1.0728984
0.564 1.0876592
0.566 1.10251
0.568 1.1174422
0.57 1.1324472
0.572 1.1475167
0.574 1.162642
0.576 1.1778147
0.578 1.1930264
0.58 1.2082687
0.582 1.2235332
0.584 1.2388116
0.586 1.2540956
0.588 1.2693769
0.59 1.2846474
0.592 1.2998989
0.594 1.3151234
0.596 1.3303129
0.598 1.3454593
0.6 1.3605549
0.602 1.3755918
0.604 1.3905622
0.606 1.4054586
0.608 1.4202734
0.61 1.434999
0.612 1.449628
0.614 1.4641532
0.616 1.4785674
0.618 1.4928634
0.62 1.5070341
0.622 1.5210727
0.624 1.5349723
0.626 1.5487263
0.628 1.562328
0.63 1.5757709
0.632 1.5890486
0.634 1.6021549
0.636 1.6150837
0.638 1.6278289
0.64 1.6403845
0.642 1.6527449
0.644 1.6649044
0.646 1.6768573
0.648 1.6885985
0.65 1.7001225
0.652 1.7114242
0.654 1.7224987
0.656 1.7333411
0.658 1.7439466
0.66 1.7543107
0.662 1.7644289
0.664 1.7742969
0.666 1.7839106
0.668 1.7932659
0.67 1.802359
0.672 1.8111861
0.674 1.8197436
0.676 1.8280282
0.678 1.8360365
0.68 1.8437654
0.682 1.8512119
0.684 1.8583731
0.686 1.8652465
0.688 1.8718294
0.69 1.8781194
0.692 1.8841144
0.694 1.8898122
0.696 1.8952109
0.698 1.9003087
0.7 1.9051041
0.702 1.9095955
0.704 1.9137816
0.706 1.9176613
0.708 1.9212335
0.71 1.9244973
0.712 1.9274521
0.714 1.9300973
0.716 1.9324324
0.718 1.9344573
0.72 1.9361717
0.722 1.9375758
0.724 1.9386697
0.726 1.9394537
0.728 1.9399283
0.73 1.9400941
0.732 1.939952
0.734 1.9395027
0.736 1.9387475
0.738 1.9376873
0.74 1.9363237
0.742 1.934658
0.744 1.9326919
0.746 1.9304271
0.748 1.9278656
0.75 1.9250092
0.752 1.9218602
0.754 1.918421
0.756 1.9146937
0.758 1.9106811
0.76 1.9063858
0.762 1.9018106
0.764 1.8969583
0.766 1.8918321
0.768 1.8864351
0.77 1.8807706
0.772 1.8748419
0.774 1.8686526
0.776 1.8622063
0.778 1.8555067
0.78 1.8485577
0.782 1.8413632
0.784 1.8339273
0.786 1.826254
0.788 1.8183478
0.79 1.8102128
0.792 1.8018536
0.794 1.7932748
0.796 1.7844808
0.798 1.7754766
0.8 1.7662668
0.802 1.7568563
0.804 1.7472502
0.806 1.7374535
0.808 1.7274713
0.81 1.7173089
0.812 1.7069715
0.814 1.6964644
0.816 1.6857931
0.818 1.6749631
0.82 1.6639799
0.822 1.6528492
0.824 1.6415765
0.826 1.6301676
0.828 1.6186283
0.83 1.6069644
0.832 1.5951817
0.834 1.5832862
0.836 1.5712838
0.838 1.5591806
0.84 1.5469825
0.842 1.5346956
0.844 1.522326
0.846 1.5098799
0.848 1.4973633
0.85 1.4847825
0.852 1.4721436
0.854 1.4594528
0.856 1.4467165
0.858 1.4339407
0.86 1.4211318
0.862 1.4082961
0.864 1.3954397
0.866 1.3825689
0.868 1.3696901
0.87 1.3568094
0.872 1.343933
0.874 1.3310674
0.876 1.3182186
0.878 1.3053929
0.88 1.2925964
0.882 1.2798354
0.884 1.2671161
0.886 1.2544445
0.888 1.2418267
0.89 1.2292688
0.892 1.216777
0.894 1.204357
0.896 1.1920151
0.898 1.179757
0.9 1.1675886
0.902 1.1555159
0.904 1.1435445
0.906 1.1316803
0.908 1.1199288
0.91 1.1082959
0.912 1.096787
0.914 1.0854077
0.916 1.0741633
0.918 1.0630594
0.92 1.0521013
0.922 1.0412941
0.924 1.0306432
0.926 1.0201535
0.928 1.0098303
0.93 0.9996783
0.932 0.98970255
0.934 0.97990781
0.936 0.97029881
0.938 0.96088019
0.94 0.95165648
0.942 0.94263216
0.944 0.9338116
0.946 0.92519906
0.948 0.91679874
0.95 0.90861472
0.952 0.90065098
0.954 0.89291142
0.956 0.88539982
0.958 0.87811987
0.96 0.87107515
0.962 0.86426912
0.964 0.85770516
0.966 0.85138653
0.968 0.84531635
0.97 0.83949768
0.972 0.83393343
0.974 0.82862641
0.976 0.82357931
0.978 0.8187947
0.98 0.81427503
0.982 0.81002264
0.984 0.80603976
0.986 0.80232846
0.988 0.79889073
0.99 0.79572841
0.992 0.79284323
0.994 0.79023679
0.996 0.78791055
0.998 0.78586587
1 0.78410398
1.002 0.78262595
1.004 0.78143275
1.006 0.78052523
1.008 0.77990408
1.01 0.77956988
1.012 0.77952308
1.014 0.77976399
1.016 0.78029279
1.018 0.78110954
1.02 0.78221416
1.022 0.78360644
1.024 0.78528604
1.026 0.78725248
1.028 0.78950516
1.03 0.79204335
1.032 0.79486616
1.034 0.79797262
1.036 0.80136158
1.038 0.80503178
1.04 0.80898184
1.042 0.81321023
1.044 0.8177153
1.046 0.82249527
1.048 0.82754824
1.05 0.83287215
1.052 0.83846486
1.054 0.84432407
1.056 0.85044736
1.058 0.85683219
1.06 0.86347589
1.062 0.87037567
1.064 0.87752862
1.066 0.8849317
1.068 0.89258176
1.07 0.90047553
1.072 0.9086096
1.074 0.91698048
1.076 0.92558453
1.078 0.93441801
1.08 0.94347707
1.082 0.95275774
1.084 0.96225595
1.086 0.9719675
1.088 0.98188811
1.09 0.99201338
1.092 1.0023388
1.094 1.0128598
1.096 1.0235716
1.098 1.0344694
1.1 1.0455484
1.102 1.0568035
1.104 1.0682296
1.106 1.0798216
1.108 1.0915741
1.11 1.1034819
1.112 1.1155394
1.114 1.1277411
1.116 1.1400815
1.118 1.1525548
1.12 1.1651552
1.122 1.177877
1.124 1.1907141
1.126 1.2036607
1.128 1.2167106
1.13 1.2298577
1.132 1.2430959
1.134 1.2564189
1.136 1.2698203
1.138 1.2832939
1.14 1.2968333
1.142 1.3104319
1.144 1.3240832
1.146 1.3377808
1.148 1.351518
1.15 1.3652881
1.152 1.3790846
1.154 1.3929006
1.156 1.4067295
1.158 1.4205645
1.16 1.4343988
1.162 1.4482256
1.164 1.4620381
1.166 1.4758293
1.168 1.4895925
1.17 1.5033207
1.172 1.5170072
1.174 1.5306449
1.176 1.5442271
1.178 1.5577467
1.18 1.571197
1.182 1.5845711
1.184 1.5978621
1.186 1.6110631
1.188 1.6241673
1.19 1.6371679
1.192 1.6500581
1.194 1.6628312
1.196 1.6754803
1.198 1.6879988
1.2 1.7003801
1.202 1.7126174
1.204 1.7247043
1.206 1.7366341
1.208 1.7484004
1.21 1.7599967
1.212 1.7714166
1.214 1.7826539
1.216 1.7937021
1.218 1.8045552
1.22 1.8152069
1.222 1.8256513
1.224 1.8358823
1.226 1.8458939
1.228 1.8556804
1.23 1.865236
1.232 1.874555
1.234 1.8836319
1.236 1.8924611
1.238 1.9010372
1.24 1.909355
1.242 1.9174092
1.244 1.9251947
1.246 1.9327066
1.248 1.93994
1.25 1.9468901
1.252 1.9535522
1.254 1.9599219
1.256 1.9659946
1.258 1.9717662
1.26 1.9772324
1.262 1.9823893
1.264 1.9872328
1.266 1.9917593
1.268 1.9959652
1.27 1.9998468
1.272 2.0034009
1.274 2.0066243
1.276 2.0095138
1.278 2.0120667
1.28 2.0142801
1.282 2.0161514
1.284 2.0176783
1.286 2.0188583
1.288 2.0196893
1.29 2.0201695
1.292 2.020297
1.294 2.0200701
1.296 2.0194874
1.298 2.0185476
1.3 2.0172496
1.302 2.0155923
1.304 2.0135751
1.306 2.0111974
1.308 2.0084587
1.31 2.0053588
1.312 2.0018975
1.314 1.9980752
1.316 1.993892
1.318 1.9893484
1.32 1.9844452
1.322 1.9791832
1.324 1.9735635
1.326 1.9675873
1.328 1.9612561
1.33 1.9545714
1.332 1.9475352
1.334 1.9401494
1.336 1.9324162
1.338 1.9243381
1.34 1.9159176
1.342 1.9071576
1.344 1.898061
1.346 1.888631
1.348 1.878871
1.35 1.8687845
1.352 1.8583754
1.354 1.8476476
1.356 1.8366052
1.358 1.8252527
1.36 1.8135945
1.362 1.8016354
1.364 1.7893803
1.366 1.7768343
1.368 1.7640028
1.37 1.7508913
1.372 1.7375054
1.374 1.7238511
1.376 1.7099344
1.378 1.6957615
1.38 1.6813389
1.382 1.6666732
1.384 1.6517712
1.386 1.6366399
1.388 1.6212864
1.39 1.605718
1.392 1.5899424
1.394 1.573967
1.396 1.5577999
1.398 1.5414489
1.4 1.5249223
1.402 1.5082284
1.404 1.4913756
1.406 1.4743727
1.408 1.4572283
1.41 1.4399516
1.412 1.4225515
1.414 1.4050373
1.416 1.3874184
1.418 1.3697043
1.42 1.3519047
1.422 1.3340292
1.424 1.3160879
1.426 1.2980908
1.428 1.280048
1.43 1.2619697
1.432 1.2438664
1.434 1.2257484
1.436 1.2076265
1.438 1.1895112
1.44 1.1714134
1.442 1.1533438
1.444 1.1353134
1.446 1.1173333
1.448 1.0994144
1.45 1.0815681
1.452 1.0638054
1.454 1.0461377
1.456 1.0285762
1.458 1.0111324
1.46 0.99381773
1.462 0.97664353
1.464 0.95962133
1.466 0.94276263
1.468 0.92607894
1.47 0.9095818
1.472 0.89328273
1.474 0.87719327
1.476 0.86132496
1.478 0.84568929
1.48 0.83029777
1.482 0.81516185
1.484 0.80029297
1.486 0.78570252
1.488 0.77140184
1.49 0.75740221
1.492 0.74371488
1.494 0.73035099
1.496 0.71732163
1.498 0.70463781
1.5 0.69231042
1.502 0.68035028
1.504 0.66876811
1.506 0.65757449
1.508 0.64677991
1.51 0.63639471
1.512 0.6264291
1.514 0.61689315
1.516 0.60779679
1.518 0.59914977
1.52 0.59096169
1.522 0.58324196
1.524 0.57599983
1.526 0.56924435
1.528 0.56298435
1.53 0.5572285
1.532 0.5519852
1.534 0.54726268
1.536 0.54306891
1.538 0.53941162
1.54 0.5362983
1.542 0.5337362
1.544 0.53173229
1.546 0.53029326
1.548 0.52942555
1.55 0.52913528
1.552 0.5294283
1.554 0.53031015
1.556 0.53178605
1.558 0.53386091
1.56 0.53653931
1.562 0.53982549
1.564 0.54372336
1.566 0.54823645
1.568 0.55336797
1.57 0.55912074
1.572 0.5654972
1.574 0.57249943
1.576 0.5801291
1.578 0.58838749
1.58 0.59727549
1.582 0.60679354
1.584 0.61694171
1.586 0.62771961
1.588 0.63912643
1.59 0.65116091
1.592 0.66382136
1.594 0.67710562
1.596 0.69101108
1.598 0.70553468
1.6 0.72067284
1.602 0.73642155
1.604 0.7527763
1.606 0.76973208
1.608 0.7872834
1.61 0.80542426
1.612 0.82414816
1.614 0.84344808
1.616 0.86331649
1.618 0.88374536
1.62 0.90472609
1.622 0.9262496
1.624 0.94830625
1.626 0.97088588
1.628 0.99397777
1.63 1.0175707
1.632 1.0416528
1.634 1.0662118
1.636 1.0912349
1.638 1.1167085
1.64 1.1426186
1.642 1.1689508
1.644 1.1956899
1.646 1.2228203
1.648 1.2503257
1.65 1.2781894
1.652 1.3063942
1.654 1.334922
1.656 1.3637545
1.658 1.3928727
1.66 1.4222571
1.662 1.4518877
1.664 1.4817438
1.666 1.5118042
1.668 1.5420474
1.67 1.572451
1.672 1.6029924
1.674 1.6336483
1.676 1.6643949
1.678 1.695208
1.68 1.7260628
1.682 1.756934
1.684 1.7877959
1.686 1.8186223
1.688 1.8493864
1.69 1.8800612
1.692 1.910619
1.694 1.9410319
1.696 1.9712713
1.698 2.0013085
1.7 2.0311142
1.702 2.0606588
1.704 2.0899122
1.706 2.1188443
1.708 2.1474242
1.71 2.175621
1.712 2.2034034
1.714 2.2307399
1.716 2.2575985
1.718 2.2839474
1.72 2.309754
1.722 2.3349861
1.724 2.3596108
1.726 2.3835954
1.728 2.406907
1.73 2.4295125
1.732 2.4513789
1.734 2.4724728
1.736 2.4927613
1.738 2.512211
1.74 2.5307889
1.742 2.548462
1.744 2.5651973
1.746 2.580962
1.748 2.5957235
1.75 2.6094493
1.752 2.6221073
1.754 2.6336657
1.756 2.6440929
1.758 2.6533577
1.76 2.6614294
1.762 2.6682776
1.764 2.6738725
1.766 2.6781849
1.768 2.681186
1.77 2.6828479
1.772 2.6831432
1.774 2.6820452
1.776 2.6795283
1.778 2.6755673
1.78 2.6701384
1.782 2.6632182
1.784 2.6547849
1.786 2.6448173
1.788 2.6332957
1.79 2.6202014
1.792 2.605517
1.794 2.5892265
1.796 2.5713153
1.798 2.5517702
1.8 2.5305795
1.802 2.5077334
1.804 2.4832235
1.806 2.4570434
1.808 2.4291883
1.81 2.3996556
1.812 2.3684446
1.814 2.3355566
1.816 2.3009953
1.818 2.2647665
1.82 2.2268784
1.822 2.1873418
1.824 2.1461699
1.826 2.1033786
1.828 2.0589866
1.83 2.0130154
1.832 1.9654895
1.834 1.9164363
1.836 1.8658867
1.838 1.8138746
1.84 1.7604374
1.842 1.7056159
1.844 1.6494547
1.846 1.5920021
1.848 1.5333102
1.85 1.473435
1.852 1.412437
1.854 1.3503805
1.856 1.2873344
1.858 1.2233722
1.86 1.1585719
1.862 1.0930164
1.864 1.0267934
1.866 0.95999583
1.868 0.89272184
1.87 0.82507491
1.872 0.7571641
1.874 0.68910415
1.876 0.6210157
1.878 0.55302536
1.88 0.48526597
1.882 0.41787674
1.884 0.35100338
1.886 0.28479835
1.888 0.21942097
1.89 0.15503765
1.892 0.091822073
1.894 0.029955352
1.896 -0.030373746
1.898 -0.088968614
1.9 -0.14562461
1.902 -0.20012883
1.904 -0.25225994
1.906 -0.30178794
1.908 -0.34847395
1.91 -0.39206999
1.912 -0.43231876
1.914 -0.46895343
1.916 -0.50169739
1.918 -0.53026403
1.92 -0.55435648
1.922 -0.57366741
1.924 -0.58787874
1.926 -0.59666142
1.928 -0.59967514
1.93 -0.59656813
1.932 -0.58697685
1.934 -0.57052573
1.936 -0.54682693
1.938 -0.51548
1.94 -0.47607168
1.942 -0.42817556
1.944 -0.37135181
1.946 -0.30514686
1.948 -0.22909317
1.95 -0.14270885
1.952 -0.045497379
1.954 0.06305269
1.956 0.18346807
1.958 0.31629104
1.96 0.46207981
1.962 0.62140883
1.964 0.7948691
1.966 0.98306857
1.968 1.1866325
1.97 1.4062036
1.972 1.6424429
1.974 1.8960294
1.976 2.1676611
1.978 2.458055
1.98 2.7679475
1.982 3.0980949
1.984 3.449274
1.986 3.8222818
1.988 4.2179368
1.99 4.6370788
1.992 5.0805693
1.994 5.5492924
1.996 6.0441549
1.998 6.5660865
2 7.116041
