0 2.0044932
0.002 1.962565
0.004 1.9215391
0.006 1.8814044
0.008 1.8421498
0.01 1.8037642
0.012 1.7662367
0.014 1.7295564
0.016 1.6937125
0.018 1.6586943
0.02 1.6244912
0.022 1.5910926
0.024 1.5584882
0.026 1.5266675
0.028 1.4956203
0.03 1.4653363
0.032 1.4358055
0.034 1.4070178
0.036 1.3789632
0.038 1.3516319
0.04 1.325014
0.042 1.2990999
0.044 1.2738799
0.046 1.2493444
0.048 1.2254839
0.05 1.2022892
0.052 1.1797507
0.054 1.1578594
0.056 1.1366059
0.058 1.1159813
0.06 1.0959764
0.062 1.0765825
0.064 1.0577905
0.066 1.0395917
0.068 1.0219774
0.07 1.0049389
0.072 0.98846774
0.074 0.97255533
0.076 0.95719329
0.078 0.94237326
0.08 0.92808698
0.082 0.91432623
0.084 0.9010829
0.086 0.88834892
0.088 0.8761163
0.09 0.86437714
0.092 0.85312358
0.094 0.84234786
0.096 0.83204226
0.098 0.82219916
0.1 0.81281098
0.102 0.80387024
0.104 0.79536949
0.106 0.78730139
0.108 0.77965864
0.11 0.77243401
0.112 0.76562034
0.114 0.75921055
0.116 0.75319761
0.118 0.74757457
0.12 0.74233452
0.122 0.73747064
0.124 0.73297618
0.126 0.72884442
0.128 0.72506875
0.13 0.72164258
0.132 0.71855942
0.134 0.71581282
0.136 0.7133964
0.138 0.71130384
0.14 0.7095289
0.142 0.70806538
0.144 0.70690715
0.146 0.70604813
0.148 0.70548233
0.15 0.7052038
0.152 0.70520664
0.154 0.70548503
0.156 0.7060332
0.158 0.70684544
0.16 0.70791612
0.162 0.70923962
0.164 0.71081044
0.166 0.71262307
0.168 0.71467213
0.17 0.71695223
0.172 0.71945809
0.174 0.72218446
0.176 0.72512614
0.178 0.72827801
0.18 0.73163499
0.182 0.73519206
0.184 0.73894425
0.186 0.74288665
0.188 0.7470144
0.19 0.75132271
0.192 0.75580682
0.194 0.76046203
0.196 0.76528371
0.198 0.77026727
0.2 0.77540817
0.202 0.78070192
0.204 0.7861441
0.206 0.79173032
0.208 0.79745626
0.21 0.80331763
0.212 0.80931022
0.214 0.81542983
0.216 0.82167236
0.218 0.82803371
0.22 0.83450987
0.222 0.84109685
0.224 0.84779073
0.226 0.85458762
0.228 0.8614837
0.23 0.86847517
0.232 0.87555831
0.234 0.88272943
0.236 0.88998488
0.238 0.89732106
0.24 0.90473444
0.242 0.9122215
0.244 0.9197788
0.246 0.92740291
0.248 0.93509049
0.25 0.94283819
0.252 0.95064276
0.254 0.95850096
0.256 0.96640961
0.258 0.97436555
0.26 0.9823657
0.262 0.99040699
0.264 0.99848642
0.266 1.006601
0.268 1.0147478
0.27 1.022924
0.272 1.0311267
0.274 1.0393531
0.276 1.0476004
0.278 1.055866
0.28 1.0641471
0.282 1.0724411
0.284 1.0807454
0.286 1.0890575
0.288 1.0973748
0.29 1.1056949
0.292 1.1140153
0.294 1.1223336
0.296 1.1306474
0.298 1.1389545
0.3 1.1472526
0.302 1.1555393
0.304 1.1638125
0.306 1.17207
0.308 1.1803097
0.31 1.1885294
0.312 1.1967272
0.314 1.204901
0.316 1.2130487
0.318 1.2211685
0.32 1.2292583
0.322 1.2373164
0.324 1.2453409
0.326 1.25333
0.328 1.2612818
0.33 1.2691946
0.332 1.2770668
0.334 1.2848966
0.336 1.2926823
0.338 1.3004225
0.34 1.3081154
0.342 1.3157595
0.344 1.3233534
0.346 1.3308955
0.348 1.3383844
0.35 1.3458187
0.352 1.3531969
0.354 1.3605177
0.356 1.3677798
0.358 1.3749819
0.36 1.3821227
0.362 1.389201
0.364 1.3962155
0.366 1.4031651
0.368 1.4100486
0.37 1.416865
0.372 1.423613
0.374 1.4302917
0.376 1.4369
0.378 1.443437
0.38 1.4499015
0.382 1.4562927
0.384 1.4626097
0.386 1.4688515
0.388 1.4750173
0.39 1.4811062
0.392 1.4871174
0.394 1.4930501
0.396 1.4989036
0.398 1.5046771
0.4 1.5103699
0.402 1.5159813
0.404 1.5215106
0.406 1.5269572
0.408 1.5323205
0.41 1.5375999
0.412 1.5427947
0.414 1.5479046
0.416 1.5529289
0.418 1.5578671
0.42 1.5627188
0.422 1.5674835
0.424 1.5721609
0.426 1.5767503
0.428 1.5812516
0.43 1.5856644
0.432 1.5899882
0.434 1.5942227
0.436 1.5983678
0.438 1.602423
0.44 1.6063882
0.442 1.6102631
0.444 1.6140475
0.446 1.6177411
0.448 1.6213439
0.45 1.6248556
0.452 1.6282762
0.454 1.6316054
0.456 1.6348433
0.458 1.6379897
0.46 1.6410446
0.462 1.6440078
0.464 1.6468795
0.466 1.6496596
0.468 1.6523481
0.47 1.6549451
0.472 1.6574505
0.474 1.6598645
0.476 1.6621871
0.478 1.6644185
0.48 1.6665587
0.482 1.6686079
0.484 1.6705662
0.486 1.6724338
0.488 1.6742109
0.49 1.6758977
0.492 1.6774944
0.494 1.6790011
0.496 1.6804183
0.498 1.681746
0.5 1.6829847
0.502 1.6841345
0.504 1.6851957
0.506 1.6861688
0.508 1.687054
0.51 1.6878516
0.512 1.6885621
0.514 1.6891857
0.516 1.6897229
0.518 1.6901741
0.52 1.6905396
0.522 1.6908199
0.524 1.6910154
0.526 1.6911266
0.528 1.691154
0.53 1.6910979
0.532 1.6909589
0.534 1.6907375
0.536 1.6904341
0.538 1.6900494
0.54 1.6895837
0.542 1.6890377
0.544 1.6884119
0.546 1.6877069
0.548 1.6869232
0.55 1.6860614
0.552 1.6851221
0.554 1.6841059
0.556 1.6830134
0.558 1.6818452
0.56 1.6806019
0.562 1.6792843
0.564 1.6778928
0.566 1.6764283
0.568 1.6748912
0.57 1.6732824
0.572 1.6716025
0.574 1.6698522
0.576 1.6680321
0.578 1.666143
0.58 1.6641856
0.582 1.6621605
0.584 1.6600686
0.586 1.6579106
0.588 1.6556872
0.59 1.6533991
0.592 1.651047
0.594 1.6486319
0.596 1.6461543
0.598 1.6436152
0.6 1.6410152
0.602 1.6383552
0.604 1.6356359
0.606 1.6328581
0.608 1.6300227
0.61 1.6271304
0.612 1.624182
0.614 1.6211784
0.616 1.6181204
0.618 1.6150088
0.62 1.6118444
0.622 1.6086281
0.624 1.6053607
0.626 1.602043
0.628 1.598676
0.63 1.5952604
0.632 1.591797
0.634 1.5882869
0.636 1.5847307
0.638 1.5811294
0.64 1.5774839
0.642 1.5737949
0.644 1.5700635
0.646 1.5662904
0.648 1.5624765
0.65 1.5586228
0.652 1.55473
0.654 1.5507992
0.656 1.5468311
0.658 1.5428266
0.66 1.5387867
0.662 1.5347123
0.664 1.5306041
0.666 1.5264632
0.668 1.5222904
0.67 1.5180867
0.672 1.5138528
0.674 1.5095897
0.676 1.5052984
0.678 1.5009797
0.68 1.4966344
0.682 1.4922636
0.684 1.4878681
0.686 1.4834489
0.688 1.4790067
0.69 1.4745426
0.692 1.4700573
0.694 1.4655519
0.696 1.4610272
0.698 1.4564841
0.7 1.4519236
0.702 1.4473464
0.704 1.4427536
0.706 1.4381459
0.708 1.4335244
0.71 1.4288898
0.712 1.4242432
0.714 1.4195853
0.716 1.4149171
0.718 1.4102394
0.72 1.4055532
0.722 1.4008593
0.724 1.3961586
0.726 1.391452
0.728 1.3867404
0.73 1.3820246
0.732 1.3773055
0.734 1.3725839
0.736 1.3678609
0.738 1.3631371
0.74 1.3584135
0.742 1.3536909
0.744 1.3489703
0.746 1.3442523
0.748 1.339538
0.75 1.3348281
0.752 1.3301235
0.754 1.325425
0.756 1.3207334
0.758 1.3160496
0.76 1.3113745
0.762 1.3067088
0.764 1.3020534
0.766 1.297409
0.768 1.2927765
0.77 1.2881567
0.772 1.2835505
0.774 1.2789585
0.776 1.2743816
0.778 1.2698206
0.78 1.2652763
0.782 1.2607494
0.784 1.2562408
0.786 1.2517512
0.788 1.2472813
0.79 1.242832
0.792 1.2384039
0.794 1.2339979
0.796 1.2296147
0.798 1.225255
0.8 1.2209196
0.802 1.2166091
0.804 1.2123244
0.806 1.2080661
0.808 1.2038349
0.81 1.1996316
0.812 1.1954569
0.814 1.1913113
0.816 1.1871958
0.818 1.1831108
0.82 1.1790571
0.822 1.1750354
0.824 1.1710464
0.826 1.1670906
0.828 1.1631688
0.83 1.1592815
0.832 1.1554295
0.834 1.1516133
0.836 1.1478336
0.838 1.144091
0.84 1.1403862
0.842 1.1367196
0.844 1.133092
0.846 1.1295038
0.848 1.1259558
0.85 1.1224484
0.852 1.1189823
0.854 1.115558
0.856 1.112176
0.858 1.1088369
0.86 1.1055413
0.862 1.1022897
0.864 1.0990825
0.866 1.0959204
0.868 1.0928039
0.87 1.0897334
0.872 1.0867094
0.874 1.0837324
0.876 1.080803
0.878 1.0779215
0.88 1.0750885
0.882 1.0723044
0.884 1.0695696
0.886 1.0668847
0.888 1.06425
0.89 1.0616659
0.892 1.0591329
0.894 1.0566514
0.896 1.0542217
0.898 1.0518444
0.9 1.0495197
0.902 1.047248
0.904 1.0450298
0.906 1.0428653
0.908 1.040755
0.91 1.0386991
0.912 1.036698
0.914 1.0347521
0.916 1.0328616
0.918 1.0310268
0.92 1.0292481
0.922 1.0275258
0.924 1.0258601
0.926 1.0242513
0.928 1.0226997
0.93 1.0212055
0.932 1.0197691
0.934 1.0183905
0.936 1.0170701
0.938 1.0158082
0.94 1.0146048
0.942 1.0134602
0.944 1.0123746
0.946 1.0113482
0.948 1.0103812
0.95 1.0094738
0.952 1.008626
0.954 1.0078382
0.956 1.0071103
0.958 1.0064426
0.96 1.0058351
0.962 1.0052881
0.964 1.0048015
0.966 1.0043755
0.968 1.0040103
0.97 1.0037058
0.972 1.0034621
0.974 1.0032794
0.976 1.0031576
0.978 1.0030969
0.98 1.0030972
0.982 1.0031586
0.984 1.0032811
0.986 1.0034647
0.988 1.0037094
0.99 1.0040152
0.992 1.0043821
0.994 1.0048101
0.996 1.0052991
0.998 1.0058491
1 1.00646
1.002 1.0071318
1.004 1.0078645
1.006 1.0086578
1.008 1.0095118
1.01 1.0104263
1.012 1.0114013
1.014 1.0124366
1.016 1.013532
1.018 1.0146876
1.02 1.0159031
1.022 1.0171783
1.024 1.0185132
1.026 1.0199075
1.028 1.0213611
1.03 1.0228738
1.032 1.0244454
1.034 1.0260756
1.036 1.0277644
1.038 1.0295114
1.04 1.0313164
1.042 1.0331793
1.044 1.0350996
1.046 1.0370773
1.048 1.039112
1.05 1.0412034
1.052 1.0433513
1.054 1.0455554
1.056 1.0478154
1.058 1.0501309
1.06 1.0525017
1.062 1.0549275
1.064 1.0574079
1.066 1.0599425
1.068 1.062531
1.07 1.0651731
1.072 1.0678684
1.074 1.0706166
1.076 1.0734171
1.078 1.0762698
1.08 1.079174
1.082 1.0821295
1.084 1.0851359
1.086 1.0881926
1.088 1.0912994
1.09 1.0944556
1.092 1.097661
1.094 1.100915
1.096 1.1042172
1.098 1.1075671
1.1 1.1109642
1.102 1.114408
1.104 1.1178981
1.106 1.121434
1.108 1.1250151
1.11 1.1286409
1.112 1.1323109
1.114 1.1360246
1.116 1.1397815
1.118 1.1435809
1.12 1.1474223
1.122 1.1513053
1.124 1.1552291
1.126 1.1591933
1.128 1.1631972
1.13 1.1672403
1.132 1.1713219
1.134 1.1754415
1.136 1.1795985
1.138 1.1837922
1.14 1.1880221
1.142 1.1922874
1.144 1.1965876
1.146 1.2009219
1.148 1.2052899
1.15 1.2096907
1.152 1.2141238
1.154 1.2185885
1.156 1.223084
1.158 1.2276098
1.16 1.2321651
1.162 1.2367493
1.164 1.2413616
1.166 1.2460014
1.168 1.2506678
1.17 1.2553603
1.172 1.2600781
1.174 1.2648204
1.176 1.2695866
1.178 1.2743758
1.18 1.2791874
1.182 1.2840206
1.184 1.2888747
1.186 1.2937488
1.188 1.2986423
1.19 1.3035543
1.192 1.3084841
1.194 1.3134308
1.196 1.3183938
1.198 1.3233722
1.2 1.3283653
1.202 1.3333722
1.204 1.3383921
1.206 1.3434242
1.208 1.3484678
1.21 1.3535219
1.212 1.3585859
1.214 1.3636587
1.216 1.3687398
1.218 1.3738281
1.22 1.3789229
1.222 1.3840233
1.224 1.3891285
1.226 1.3942376
1.228 1.3993499
1.23 1.4044643
1.232 1.4095802
1.234 1.4146966
1.236 1.4198126
1.238 1.4249275
1.24 1.4300403
1.242 1.4351501
1.244 1.4402562
1.246 1.4453576
1.248 1.4504534
1.25 1.4555428
1.252 1.4606249
1.254 1.4656988
1.256 1.4707636
1.258 1.4758184
1.26 1.4808624
1.262 1.4858946
1.264 1.4909142
1.266 1.4959202
1.268 1.5009119
1.27 1.5058882
1.272 1.5108483
1.274 1.5157912
1.276 1.5207162
1.278 1.5256222
1.28 1.5305085
1.282 1.535374
1.284 1.5402179
1.286 1.5450393
1.288 1.5498372
1.29 1.5546109
1.292 1.5593593
1.294 1.5640816
1.296 1.5687769
1.298 1.5734442
1.3 1.5780828
1.302 1.5826916
1.304 1.5872698
1.306 1.5918165
1.308 1.5963308
1.31 1.6008117
1.312 1.6052585
1.314 1.6096702
1.316 1.6140458
1.318 1.6183847
1.32 1.6226857
1.322 1.6269481
1.324 1.631171
1.326 1.6353535
1.328 1.6394947
1.33 1.6435937
1.332 1.6476497
1.334 1.6516617
1.336 1.655629
1.338 1.6595507
1.34 1.6634259
1.342 1.6672537
1.344 1.6710332
1.346 1.6747638
1.348 1.6784444
1.35 1.6820742
1.352 1.6856525
1.354 1.6891783
1.356 1.6926508
1.358 1.6960693
1.36 1.6994328
1.362 1.7027407
1.364 1.7059919
1.366 1.7091859
1.368 1.7123217
1.37 1.7153985
1.372 1.7184156
1.374 1.7213722
1.376 1.7242674
1.378 1.7271006
1.38 1.7298709
1.382 1.7325777
1.384 1.73522
1.386 1.7377973
1.388 1.7403087
1.39 1.7427535
1.392 1.745131
1.394 1.7474404
1.396 1.7496812
1.398 1.7518524
1.4 1.7539535
1.402 1.7559837
1.404 1.7579425
1.406 1.759829
1.408 1.7616426
1.41 1.7633828
1.412 1.7650487
1.414 1.7666399
1.416 1.7681556
1.418 1.7695952
1.42 1.7709581
1.422 1.7722438
1.424 1.7734516
1.426 1.774581
1.428 1.7756313
1.43 1.776602
1.432 1.7774926
1.434 1.7783025
1.436 1.7790311
1.438 1.7796781
1.44 1.7802428
1.442 1.7807247
1.444 1.7811234
1.446 1.7814384
1.448 1.7816692
1.45 1.7818155
1.452 1.7818766
1.454 1.7818523
1.456 1.781742
1.458 1.7815455
1.46 1.7812623
1.462 1.780892
1.464 1.7804343
1.466 1.7798888
1.468 1.7792552
1.47 1.7785331
1.472 1.7777224
1.474 1.7768226
1.476 1.7758335
1.478 1.7747548
1.48 1.7735863
1.482 1.7723277
1.484 1.7709789
1.486 1.7695396
1.488 1.7680096
1.49 1.7663888
1.492 1.764677
1.494 1.7628741
1.496 1.7609799
1.498 1.7589943
1.5 1.7569173
1.502 1.7547488
1.504 1.7524887
1.506 1.750137
1.508 1.7476936
1.51 1.7451586
1.512 1.742532
1.514 1.7398137
1.516 1.737004
1.518 1.7341027
1.52 1.7311101
1.522 1.7280262
1.524 1.7248512
1.526 1.7215851
1.528 1.7182283
1.53 1.7147808
1.532 1.7112428
1.534 1.7076146
1.536 1.7038965
1.538 1.7000887
1.54 1.6961915
1.542 1.6922051
1.544 1.68813
1.546 1.6839665
1.548 1.679715
1.55 1.6753759
1.552 1.6709495
1.554 1.6664363
1.556 1.6618369
1.558 1.6571516
1.56 1.652381
1.562 1.6475256
1.564 1.642586
1.566 1.6375628
1.568 1.6324566
1.57 1.627268
1.572 1.6219976
1.574 1.6166462
1.576 1.6112144
1.578 1.605703
1.58 1.6001127
1.582 1.5944444
1.584 1.5886987
1.586 1.5828767
1.588 1.576979
1.59 1.5710066
1.592 1.5649605
1.594 1.5588415
1.596 1.5526507
1.598 1.5463889
1.6 1.5400574
1.602 1.533657
1.604 1.5271889
1.606 1.5206542
1.608 1.514054
1.61 1.5073895
1.612 1.5006619
1.614 1.4938724
1.616 1.4870223
1.618 1.4801129
1.62 1.4731454
1.622 1.4661212
1.624 1.4590418
1.626 1.4519084
1.628 1.4447226
1.63 1.4374859
1.632 1.4301996
1.634 1.4228654
1.636 1.4154848
1.638 1.4080595
1.64 1.400591
1.642 1.393081
1.644 1.3855313
1.646 1.3779435
1.648 1.3703195
1.65 1.3626609
1.652 1.3549698
1.654 1.3472479
1.656 1.3394971
1.658 1.3317194
1.66 1.3239167
1.662 1.3160911
1.664 1.3082447
1.666 1.3003794
1.668 1.2924975
1.67 1.284601
1.672 1.2766922
1.674 1.2687734
1.676 1.2608467
1.678 1.2529144
1.68 1.2449791
1.682 1.2370429
1.684 1.2291083
1.686 1.2211779
1.688 1.213254
1.69 1.2053393
1.692 1.1974363
1.694 1.1895477
1.696 1.181676
1.698 1.1738241
1.7 1.1659946
1.702 1.1581903
1.704 1.150414
1.706 1.1426687
1.708 1.1349573
1.71 1.1272825
1.712 1.1196476
1.714 1.1120555
1.716 1.1045093
1.718 1.0970121
1.72 1.089567
1.722 1.0821774
1.724 1.0748464
1.726 1.0675773
1.728 1.0603736
1.73 1.0532385
1.732 1.0461756
1.734 1.0391882
1.736 1.03228
1.738 1.0254545
1.74 1.0187153
1.742 1.0120661
1.744 1.0055107
1.746 0.99905264
1.748 0.99269591
1.75 0.98644433
1.752 0.98030179
1.754 0.97427226
1.756 0.96835975
1.758 0.96256829
1.76 0.95690201
1.762 0.95136506
1.764 0.94596164
1.766 0.940696
1.768 0.93557246
1.77 0.93059536
1.772 0.92576913
1.774 0.92109822
1.776 0.91658714
1.778 0.91224046
1.78 0.90806281
1.782 0.90405884
1.784 0.90023329
1.786 0.89659093
1.788 0.89313661
1.79 0.88987519
1.792 0.88681164
1.794 0.88395094
1.796 0.88129815
1.798 0.87885837
1.8 0.87663677
1.802 0.87463858
1.804 0.87286905
1.806 0.87133354
1.808 0.87003743
1.81 0.86898617
1.812 0.86818526
1.814 0.86764028
1.816 0.86735684
1.818 0.86734063
1.82 0.86759738
1.822 0.86813291
1.824 0.86895306
1.826 0.87006377
1.828 0.87147101
1.83 0.87318082
1.832 0.87519931
1.834 0.87753265
1.836 0.88018706
1.838 0.88316882
1.84 0.8864843
1.842 0.8901399
1.844 0.89414211
1.846 0.89849746
1.848 0.90321256
1.85 0.90829409
1.852 0.91374876
1.854 0.91958339
1.856 0.92580484
1.858 0.93242003
1.86 0.93943597
1.862 0.94685971
1.864 0.95469838
1.866 0.96295918
1.868 0.97164937
1.87 0.98077629
1.872 0.99034732
1.874 1.0003699
1.876 1.0108517
1.878 1.0218002
1.88 1.033223
1.882 1.0451281
1.884 1.057523
1.886 1.0704159
1.888 1.0838145
1.89 1.0977269
1.892 1.1121613
1.894 1.1271258
1.896 1.1426286
1.898 1.158678
1.9 1.1752825
1.902 1.1924505
1.904 1.2101905
1.906 1.2285112
1.908 1.2474212
1.91 1.2669292
1.912 1.2870442
1.914 1.307775
1.916 1.3291307
1.918 1.3511202
1.92 1.3737527
1.922 1.3970374
1.924 1.4209837
1.926 1.4456008
1.928 1.4708983
1.93 1.4968856
1.932 1.5235724
1.934 1.5509683
1.936 1.5790831
1.938 1.6079267
1.94 1.637509
1.942 1.66784
1.944 1.6989297
1.946 1.7307884
1.948 1.7634262
1.95 1.7968536
1.952 1.8310809
1.954 1.8661186
1.956 1.9019774
1.958 1.9386678
1.96 1.9762006
1.962 2.0145867
1.964 2.0538369
1.966 2.0939623
1.968 2.134974
1.97 2.1768831
1.972 2.219701
1.974 2.2634388
1.976 2.3081082
1.978 2.3537205
1.98 2.4002875
1.982 2.4478207
1.984 2.4963321
1.986 2.5458335
1.988 2.5963368
1.99 2.647854
1.992 2.7003975
1.994 2.7539793
1.996 2.8086118
1.998 2.8643075
2 2.9210788
