0 1.09751
0.002 1.084
0.004 1.07179
0.006 1.06081
0.008 1.051
0.01 1.04227
0.012 1.03458
0.014 1.02784
0.016 1.02202
0.018 1.01703
0.02 1.01284
0.022 1.00939
0.024 1.00663
0.026 1.00451
0.028 1.00298
0.03 1.00201
0.032 1.00154
0.034 1.00155
0.036 1.00199
0.038 1.00283
0.04 1.00404
0.042 1.00557
0.044 1.00741
0.046 1.00953
0.048 1.01189
0.05 1.01447
0.052 1.01725
0.054 1.0202
0.056 1.02331
0.058 1.02655
0.06 1.0299
0.062 1.03335
0.064 1.03688
0.066 1.04047
0.068 1.04412
0.07 1.0478
0.072 1.0515
0.074 1.05522
0.076 1.05893
0.078 1.06264
0.08 1.06634
0.082 1.07001
0.084 1.07364
0.086 1.07723
0.088 1.08078
0.09 1.08428
0.092 1.08772
0.094 1.0911
0.096 1.09442
0.098 1.09766
0.1 1.10084
0.102 1.10394
0.104 1.10696
0.106 1.10991
0.108 1.11278
0.11 1.11557
0.112 1.11828
0.114 1.12091
0.116 1.12346
0.118 1.12592
0.12 1.12831
0.122 1.13062
0.124 1.13285
0.126 1.135
0.128 1.13708
0.13 1.13908
0.132 1.14102
0.134 1.14288
0.136 1.14467
0.138 1.14639
0.14 1.14805
0.142 1.14965
0.144 1.15118
0.146 1.15266
0.148 1.15408
0.15 1.15545
0.152 1.15677
0.154 1.15804
0.156 1.15926
0.158 1.16044
0.16 1.16158
0.162 1.16267
0.164 1.16374
0.166 1.16477
0.168 1.16576
0.17 1.16673
0.172 1.16767
0.174 1.16859
0.176 1.16948
0.178 1.17036
0.18 1.17122
0.182 1.17206
0.184 1.17288
0.186 1.1737
0.188 1.1745
0.19 1.1753
0.192 1.17609
0.194 1.17688
0.196 1.17766
0.198 1.17844
0.2 1.17923
0.202 1.18001
0.204 1.1808
0.206 1.18159
0.208 1.18238
0.21 1.18318
0.212 1.184
0.214 1.18481
0.216 1.18564
0.218 1.18648
0.22 1.18733
0.222 1.18819
0.224 1.18907
0.226 1.18995
0.228 1.19085
0.23 1.19177
0.232 1.1927
0.234 1.19364
0.236 1.1946
0.238 1.19557
0.24 1.19656
0.242 1.19756
0.244 1.19858
0.246 1.19961
0.248 1.20066
0.25 1.20172
0.252 1.2028
0.254 1.20389
0.256 1.205
0.258 1.20612
0.26 1.20725
0.262 1.20839
0.264 1.20955
0.266 1.21072
0.268 1.21191
0.27 1.2131
0.272 1.2143
0.274 1.21552
0.276 1.21674
0.278 1.21797
0.28 1.21921
0.282 1.22046
0.284 1.22172
0.286 1.22298
0.288 1.22424
0.29 1.22551
0.292 1.22679
0.294 1.22807
0.296 1.22935
0.298 1.23063
0.3 1.23191
0.302 1.2332
0.304 1.23448
0.306 1.23576
0.308 1.23704
0.31 1.23832
0.312 1.23959
0.314 1.24086
0.316 1.24213
0.318 1.24339
0.32 1.24465
0.322 1.2459
0.324 1.24714
0.326 1.24837
0.328 1.2496
0.33 1.25081
0.332 1.25202
0.334 1.25322
0.336 1.2544
0.338 1.25558
0.34 1.25674
0.342 1.2579
0.344 1.25904
0.346 1.26017
0.348 1.26128
0.35 1.26238
0.352 1.26347
0.354 1.26455
0.356 1.26561
0.358 1.26665
0.36 1.26768
0.362 1.2687
0.364 1.2697
0.366 1.27069
0.368 1.27166
0.37 1.27261
0.372 1.27355
0.374 1.27448
0.376 1.27539
0.378 1.27628
0.38 1.27716
0.382 1.27803
0.384 1.27887
0.386 1.27971
0.388 1.28053
0.39 1.28133
0.392 1.28212
0.394 1.2829
0.396 1.28366
0.398 1.28441
0.4 1.28514
0.402 1.28586
0.404 1.28657
0.406 1.28726
0.408 1.28795
0.41 1.28862
0.412 1.28928
0.414 1.28993
0.416 1.29057
0.418 1.29119
0.42 1.29181
0.422 1.29242
0.424 1.29302
0.426 1.29361
0.428 1.29419
0.43 1.29476
0.432 1.29533
0.434 1.29589
0.436 1.29645
0.438 1.29699
0.44 1.29754
0.442 1.29808
0.444 1.29861
0.446 1.29914
0.448 1.29967
0.45 1.30019
0.452 1.30071
0.454 1.30123
0.456 1.30175
0.458 1.30227
0.46 1.30279
0.462 1.30331
0.464 1.30382
0.466 1.30434
0.468 1.30486
0.47 1.30539
0.472 1.30591
0.474 1.30644
0.476 1.30697
0.478 1.3075
0.48 1.30804
0.482 1.30858
0.484 1.30913
0.486 1.30968
0.488 1.31023
0.49 1.31079
0.492 1.31136
0.494 1.31193
0.496 1.31251
0.498 1.3131
0.5 1.31369
0.502 1.31429
0.504 1.31489
0.506 1.31551
0.508 1.31613
0.51 1.31675
0.512 1.31739
0.514 1.31803
0.516 1.31868
0.518 1.31933
0.52 1.32
0.522 1.32067
0.524 1.32134
0.526 1.32203
0.528 1.32272
0.53 1.32342
0.532 1.32413
0.534 1.32484
0.536 1.32556
0.538 1.32629
0.54 1.32702
0.542 1.32776
0.544 1.3285
0.546 1.32925
0.548 1.33001
0.55 1.33076
0.552 1.33153
0.554 1.3323
0.556 1.33307
0.558 1.33384
0.56 1.33462
0.562 1.3354
0.564 1.33618
0.566 1.33696
0.568 1.33775
0.57 1.33853
0.572 1.33931
0.574 1.3401
0.576 1.34088
0.578 1.34166
0.58 1.34244
0.582 1.34322
0.584 1.34399
0.586 1.34476
0.588 1.34553
0.59 1.34629
0.592 1.34705
0.594 1.3478
0.596 1.34854
0.598 1.34927
0.6 1.35
0.602 1.35072
0.604 1.35143
0.606 1.35213
0.608 1.35282
0.61 1.35349
0.612 1.35416
0.614 1.35481
0.616 1.35546
0.618 1.35608
0.62 1.3567
0.622 1.3573
0.624 1.35788
0.626 1.35845
0.628 1.359
0.63 1.35953
0.632 1.36005
0.634 1.36055
0.636 1.36103
0.638 1.36149
0.64 1.36194
0.642 1.36236
0.644 1.36276
0.646 1.36314
0.648 1.3635
0.65 1.36384
0.652 1.36416
0.654 1.36445
0.656 1.36472
0.658 1.36497
0.66 1.3652
0.662 1.3654
0.664 1.36558
0.666 1.36573
0.668 1.36586
0.67 1.36597
0.672 1.36605
0.674 1.3661
0.676 1.36613
0.678 1.36614
0.68 1.36612
0.682 1.36608
0.684 1.36601
0.686 1.36592
0.688 1.3658
0.69 1.36566
0.692 1.36549
0.694 1.3653
0.696 1.36508
0.698 1.36485
0.7 1.36458
0.702 1.3643
0.704 1.36399
0.706 1.36366
0.708 1.3633
0.71 1.36292
0.712 1.36253
0.714 1.36211
0.716 1.36167
0.718 1.36121
0.72 1.36073
0.722 1.36023
0.724 1.35971
0.726 1.35918
0.728 1.35863
0.73 1.35806
0.732 1.35747
0.734 1.35687
0.736 1.35626
0.738 1.35563
0.74 1.35499
0.742 1.35434
0.744 1.35368
0.746 1.353
0.748 1.35232
0.75 1.35163
0.752 1.35093
0.754 1.35022
0.756 1.34951
0.758 1.3488
0.76 1.34808
0.762 1.34735
0.764 1.34663
0.766 1.3459
0.768 1.34518
0.77 1.34445
0.772 1.34373
0.774 1.34301
0.776 1.3423
0.778 1.34159
0.78 1.34089
0.782 1.34019
0.784 1.33951
0.786 1.33883
0.788 1.33817
0.79 1.33751
0.792 1.33687
0.794 1.33624
0.796 1.33563
0.798 1.33503
0.8 1.33445
0.802 1.33389
0.804 1.33335
0.806 1.33282
0.808 1.33232
0.81 1.33184
0.812 1.33138
0.814 1.33095
0.816 1.33054
0.818 1.33015
0.82 1.32979
0.822 1.32946
0.824 1.32916
0.826 1.32888
0.828 1.32864
0.83 1.32842
0.832 1.32823
0.834 1.32808
0.836 1.32796
0.838 1.32787
0.84 1.32781
0.842 1.32779
0.844 1.3278
0.846 1.32784
0.848 1.32792
0.85 1.32803
0.852 1.32818
0.854 1.32837
0.856 1.32859
0.858 1.32884
0.86 1.32914
0.862 1.32947
0.864 1.32983
0.866 1.33023
0.868 1.33067
0.87 1.33114
0.872 1.33165
0.874 1.3322
0.876 1.33278
0.878 1.3334
0.88 1.33405
0.882 1.33473
0.884 1.33545
0.886 1.33621
0.888 1.33699
0.89 1.33781
0.892 1.33866
0.894 1.33954
0.896 1.34046
0.898 1.3414
0.9 1.34237
0.902 1.34337
0.904 1.3444
0.906 1.34545
0.908 1.34652
0.91 1.34763
0.912 1.34875
0.914 1.3499
0.916 1.35106
0.918 1.35225
0.92 1.35345
0.922 1.35468
0.924 1.35591
0.926 1.35716
0.928 1.35843
0.93 1.3597
0.932 1.36099
0.934 1.36228
0.936 1.36358
0.938 1.36489
0.94 1.3662
0.942 1.36751
0.944 1.36883
0.946 1.37014
0.948 1.37145
0.95 1.37275
0.952 1.37405
0.954 1.37534
0.956 1.37662
0.958 1.3779
0.96 1.37915
0.962 1.3804
0.964 1.38162
0.966 1.38283
0.968 1.38402
0.97 1.38519
0.972 1.38633
0.974 1.38745
0.976 1.38854
0.978 1.38961
0.98 1.39064
0.982 1.39165
0.984 1.39262
0.986 1.39355
0.988 1.39445
0.99 1.39531
0.992 1.39613
0.994 1.39691
0.996 1.39765
0.998 1.39835
1 1.399
1.002 1.3996
1.004 1.40016
1.006 1.40066
1.008 1.40112
1.01 1.40153
1.012 1.40188
1.014 1.40218
1.016 1.40243
1.018 1.40262
1.02 1.40276
1.022 1.40284
1.024 1.40287
1.026 1.40283
1.028 1.40274
1.03 1.40259
1.032 1.40238
1.034 1.40211
1.036 1.40179
1.038 1.4014
1.04 1.40095
1.042 1.40045
1.044 1.39988
1.046 1.39925
1.048 1.39857
1.05 1.39783
1.052 1.39702
1.054 1.39617
1.056 1.39525
1.058 1.39428
1.06 1.39325
1.062 1.39217
1.064 1.39103
1.066 1.38984
1.068 1.3886
1.07 1.38731
1.072 1.38597
1.074 1.38458
1.076 1.38315
1.078 1.38167
1.08 1.38015
1.082 1.37859
1.084 1.37699
1.086 1.37535
1.088 1.37368
1.09 1.37197
1.092 1.37023
1.094 1.36847
1.096 1.36668
1.098 1.36486
1.1 1.36302
1.102 1.36116
1.104 1.35929
1.106 1.3574
1.108 1.3555
1.11 1.35359
1.112 1.35168
1.114 1.34976
1.116 1.34785
1.118 1.34593
1.12 1.34402
1.122 1.34212
1.124 1.34023
1.126 1.33836
1.128 1.3365
1.13 1.33467
1.132 1.33285
1.134 1.33107
1.136 1.32931
1.138 1.32759
1.14 1.3259
1.142 1.32425
1.144 1.32264
1.146 1.32108
1.148 1.31956
1.15 1.3181
1.152 1.31669
1.154 1.31533
1.156 1.31403
1.158 1.3128
1.16 1.31163
1.162 1.31052
1.164 1.30949
1.166 1.30853
1.168 1.30764
1.17 1.30683
1.172 1.30609
1.174 1.30544
1.176 1.30487
1.178 1.30438
1.18 1.30398
1.182 1.30367
1.184 1.30345
1.186 1.30332
1.188 1.30328
1.19 1.30333
1.192 1.30348
1.194 1.30372
1.196 1.30406
1.198 1.30449
1.2 1.30502
1.202 1.30565
1.204 1.30637
1.206 1.30719
1.208 1.30811
1.21 1.30912
1.212 1.31022
1.214 1.31143
1.216 1.31272
1.218 1.31411
1.22 1.31559
1.222 1.31716
1.224 1.31882
1.226 1.32056
1.228 1.32239
1.23 1.3243
1.232 1.32629
1.234 1.32835
1.236 1.33049
1.238 1.3327
1.24 1.33498
1.242 1.33733
1.244 1.33974
1.246 1.3422
1.248 1.34472
1.25 1.34729
1.252 1.34991
1.254 1.35257
1.256 1.35527
1.258 1.358
1.26 1.36076
1.262 1.36354
1.264 1.36635
1.266 1.36917
1.268 1.372
1.27 1.37483
1.272 1.37767
1.274 1.38049
1.276 1.38331
1.278 1.38611
1.28 1.38889
1.282 1.39164
1.284 1.39436
1.286 1.39704
1.288 1.39967
1.29 1.40226
1.292 1.40479
1.294 1.40726
1.296 1.40966
1.298 1.412
1.3 1.41425
1.302 1.41643
1.304 1.41851
1.306 1.42051
1.308 1.42241
1.31 1.4242
1.312 1.42589
1.314 1.42747
1.316 1.42893
1.318 1.43028
1.32 1.4315
1.322 1.43259
1.324 1.43355
1.326 1.43437
1.328 1.43506
1.33 1.4356
1.332 1.43601
1.334 1.43626
1.336 1.43637
1.338 1.43633
1.34 1.43614
1.342 1.43579
1.344 1.43529
1.346 1.43464
1.348 1.43383
1.35 1.43287
1.352 1.43176
1.354 1.43049
1.356 1.42907
1.358 1.4275
1.36 1.42579
1.362 1.42393
1.364 1.42192
1.366 1.41978
1.368 1.41749
1.37 1.41508
1.372 1.41254
1.374 1.40987
1.376 1.40709
1.378 1.4042
1.38 1.40119
1.382 1.39809
1.384 1.39489
1.386 1.3916
1.388 1.38823
1.39 1.38479
1.392 1.38129
1.394 1.37773
1.396 1.37411
1.398 1.37046
1.4 1.36678
1.402 1.36308
1.404 1.35936
1.406 1.35565
1.408 1.35194
1.41 1.34825
1.412 1.34458
1.414 1.34096
1.416 1.33738
1.418 1.33386
1.42 1.33041
1.422 1.32704
1.424 1.32376
1.426 1.32059
1.428 1.31752
1.43 1.31458
1.432 1.31177
1.434 1.3091
1.436 1.30658
1.438 1.30422
1.44 1.30203
1.442 1.30003
1.444 1.29821
1.446 1.29659
1.448 1.29517
1.45 1.29396
1.452 1.29298
1.454 1.29222
1.456 1.29169
1.458 1.2914
1.46 1.29135
1.462 1.29154
1.464 1.29198
1.466 1.29268
1.468 1.29363
1.47 1.29484
1.472 1.2963
1.474 1.29802
1.476 1.29999
1.478 1.30222
1.48 1.3047
1.482 1.30742
1.484 1.31039
1.486 1.31359
1.488 1.31703
1.49 1.32069
1.492 1.32456
1.494 1.32865
1.496 1.33293
1.498 1.3374
1.5 1.34204
1.502 1.34685
1.504 1.35181
1.506 1.3569
1.508 1.36212
1.51 1.36744
1.512 1.37286
1.514 1.37834
1.516 1.38388
1.518 1.38946
1.52 1.39506
1.522 1.40066
1.524 1.40624
1.526 1.41178
1.528 1.41726
1.53 1.42266
1.532 1.42796
1.534 1.43314
1.536 1.43817
1.538 1.44305
1.54 1.44774
1.542 1.45222
1.544 1.45648
1.546 1.4605
1.548 1.46426
1.55 1.46773
1.552 1.47091
1.554 1.47377
1.556 1.4763
1.558 1.47848
1.56 1.48031
1.562 1.48176
1.564 1.48283
1.566 1.4835
1.568 1.48377
1.57 1.48362
1.572 1.48307
1.574 1.48209
1.576 1.48069
1.578 1.47887
1.58 1.47663
1.582 1.47397
1.584 1.47091
1.586 1.46744
1.588 1.46358
1.59 1.45933
1.592 1.45473
1.594 1.44977
1.596 1.44448
1.598 1.43888
1.6 1.43299
1.602 1.42684
1.604 1.42046
1.606 1.41386
1.608 1.40709
1.61 1.40018
1.612 1.39315
1.614 1.38605
1.616 1.37891
1.618 1.37177
1.62 1.36467
1.622 1.35765
1.624 1.35074
1.626 1.344
1.628 1.33747
1.63 1.33118
1.632 1.32517
1.634 1.31949
1.636 1.31418
1.638 1.30928
1.64 1.30483
1.642 1.30086
1.644 1.29741
1.646 1.29451
1.648 1.29219
1.65 1.29048
1.652 1.28941
1.654 1.28899
1.656 1.28925
1.658 1.29021
1.66 1.29186
1.662 1.29422
1.664 1.29729
1.666 1.30107
1.668 1.30555
1.67 1.31072
1.672 1.31656
1.674 1.32304
1.676 1.33015
1.678 1.33784
1.68 1.34608
1.682 1.35482
1.684 1.36402
1.686 1.37362
1.688 1.38356
1.69 1.39379
1.692 1.40422
1.694 1.4148
1.696 1.42544
1.698 1.43607
1.7 1.4466
1.702 1.45696
1.704 1.46706
1.706 1.47681
1.708 1.48613
1.71 1.49494
1.712 1.50314
1.714 1.51067
1.716 1.51743
1.718 1.52337
1.72 1.52839
1.722 1.53245
1.724 1.53548
1.726 1.53744
1.728 1.53827
1.73 1.53795
1.732 1.53645
1.734 1.53376
1.736 1.52987
1.738 1.5248
1.74 1.51856
1.742 1.5112
1.744 1.50275
1.746 1.49328
1.748 1.48286
1.75 1.47158
1.752 1.45954
1.754 1.44685
1.756 1.43364
1.758 1.42003
1.76 1.40618
1.762 1.39225
1.764 1.37838
1.766 1.36476
1.768 1.35156
1.77 1.33894
1.772 1.3271
1.774 1.3162
1.776 1.30641
1.778 1.2979
1.78 1.29083
1.782 1.28533
1.784 1.28154
1.786 1.27958
1.788 1.27952
1.79 1.28144
1.792 1.28539
1.794 1.29138
1.796 1.29941
1.798 1.30943
1.8 1.32137
1.802 1.33511
1.804 1.35053
1.806 1.36744
1.808 1.38564
1.81 1.40489
1.812 1.42492
1.814 1.44543
1.816 1.4661
1.818 1.4866
1.82 1.50655
1.822 1.52561
1.824 1.54339
1.826 1.55952
1.828 1.57366
1.83 1.58546
1.832 1.5946
1.834 1.60081
1.836 1.60385
1.838 1.60353
1.84 1.59972
1.842 1.59238
1.844 1.5815
1.846 1.56718
1.848 1.54961
1.85 1.52903
1.852 1.50581
1.854 1.48038
1.856 1.45326
1.858 1.42504
1.86 1.39639
1.862 1.36804
1.864 1.34074
1.866 1.3153
1.868 1.2925
1.87 1.27313
1.872 1.25793
1.874 1.24758
1.876 1.24265
1.878 1.2436
1.88 1.25075
1.882 1.26423
1.884 1.284
1.886 1.30976
1.888 1.34103
1.89 1.37707
1.892 1.41691
1.894 1.45936
1.896 1.50302
1.898 1.54631
1.9 1.58754
1.902 1.62494
1.904 1.65671
1.906 1.68115
1.908 1.69669
1.91 1.702
1.912 1.69612
1.914 1.67849
1.916 1.6491
1.918 1.60851
1.92 1.55794
1.922 1.49929
1.924 1.43514
1.926 1.36867
1.928 1.30361
1.93 1.24408
1.932 1.19437
1.934 1.15872
1.936 1.14096
1.938 1.14424
1.94 1.17059
1.942 1.2206
1.944 1.29309
1.946 1.38481
1.948 1.49034
1.95 1.60207
1.952 1.71044
1.954 1.80448
1.956 1.87256
1.958 1.90353
1.96 1.88814
1.962 1.82071
1.964 1.70086
1.966 1.53524
1.968 1.33879
1.97 1.13522
1.972 0.956253
1.974 0.838976
1.976 0.820849
1.978 0.931918
1.98 1.18425
1.982 1.55933
1.984 1.99555
1.986 2.38013
1.988 2.55343
1.99 2.33917
1.992 1.62216
1.994 0.507678
1.996 -0.386188
1.998 0.573812
2 6.86075
