0.00000000 1.09751395
0.00200000 1.08399688
0.00400000 1.07178732
0.00600000 1.06081060
0.00800000 1.05099512
0.01000000 1.04227229
0.01200000 1.03457639
0.01400000 1.02784454
0.01600000 1.02201657
0.01800000 1.01703495
0.02000000 1.01284470
0.02200000 1.00939331
0.02400000 1.00663065
0.02600000 1.00450891
0.02800000 1.00298253
0.03000000 1.00200808
0.03200000 1.00154422
0.03400000 1.00155164
0.03600000 1.00199297
0.03800000 1.00283271
0.04000000 1.00403718
0.04200000 1.00557443
0.04400000 1.00741420
0.04600000 1.00952787
0.04800000 1.01188836
0.05000000 1.01447009
0.05200000 1.01724896
0.05400000 1.02020221
0.05600000 1.02330846
0.05800000 1.02654760
0.06000000 1.02990076
0.06200000 1.03335023
0.06400000 1.03687948
0.06600000 1.04047304
0.06800000 1.04411648
0.07000000 1.04779638
0.07200000 1.05150028
0.07400000 1.05521664
0.07600000 1.05893477
0.07800000 1.06264485
0.08000000 1.06633782
0.08200000 1.07000541
0.08400000 1.07364005
0.08600000 1.07723489
0.08800000 1.08078370
0.09000000 1.08428090
0.09200000 1.08772149
0.09400000 1.09110104
0.09600000 1.09441563
0.09800000 1.09766187
0.10000000 1.10083682
0.10200000 1.10393802
0.10400000 1.10696339
0.10600000 1.10991130
0.10800000 1.11278044
0.11000000 1.11556990
0.11200000 1.11827905
0.11400000 1.12090762
0.11600000 1.12345558
0.11800000 1.12592319
0.12000000 1.12831095
0.12200000 1.13061960
0.12400000 1.13285008
0.12600000 1.13500353
0.12800000 1.13708126
0.13000000 1.13908476
0.13200000 1.14101564
0.13400000 1.14287568
0.13600000 1.14466674
0.13800000 1.14639083
0.14000000 1.14805001
0.14200000 1.14964646
0.14400000 1.15118242
0.14600000 1.15266016
0.14800000 1.15408206
0.15000000 1.15545049
0.15200000 1.15676786
0.15400000 1.15803664
0.15600000 1.15925926
0.15800000 1.16043820
0.16000000 1.16157593
0.16200000 1.16267488
0.16400000 1.16373752
0.16600000 1.16476626
0.16800000 1.16576350
0.17000000 1.16673160
0.17200000 1.16767291
0.17400000 1.16858970
0.17600000 1.16948423
0.17800000 1.17035870
0.18000000 1.17121525
0.18200000 1.17205597
0.18400000 1.17288290
0.18600000 1.17369802
0.18800000 1.17450322
0.19000000 1.17530037
0.19200000 1.17609124
0.19400000 1.17687753
0.19600000 1.17766089
0.19800000 1.17844288
0.20000000 1.17922501
0.20200000 1.18000870
0.20400000 1.18079529
0.20600000 1.18158608
0.20800000 1.18238225
0.21000000 1.18318494
0.21200000 1.18399521
0.21400000 1.18481404
0.21600000 1.18564234
0.21800000 1.18648095
0.22000000 1.18733063
0.22200000 1.18819208
0.22400000 1.18906593
0.22600000 1.18995273
0.22800000 1.19085298
0.23000000 1.19176711
0.23200000 1.19269546
0.23400000 1.19363834
0.23600000 1.19459598
0.23800000 1.19556857
0.24000000 1.19655621
0.24200000 1.19755896
0.24400000 1.19857684
0.24600000 1.19960980
0.24800000 1.20065774
0.25000000 1.20172050
0.25200000 1.20279790
0.25400000 1.20388970
0.25600000 1.20499561
0.25800000 1.20611531
0.26000000 1.20724844
0.26200000 1.20839459
0.26400000 1.20955334
0.26600000 1.21072421
0.26800000 1.21190670
0.27000000 1.21310029
0.27200000 1.21430442
0.27400000 1.21551852
0.27600000 1.21674198
0.27800000 1.21797417
0.28000000 1.21921446
0.28200000 1.22046220
0.28400000 1.22171669
0.28600000 1.22297727
0.28800000 1.22424323
0.29000000 1.22551387
0.29200000 1.22678847
0.29400000 1.22806632
0.29600000 1.22934669
0.29800000 1.23062886
0.30000000 1.23191210
0.30200000 1.23319569
0.30400000 1.23447892
0.30600000 1.23576105
0.30800000 1.23704138
0.31000000 1.23831922
0.31200000 1.23959385
0.31400000 1.24086460
0.31600000 1.24213080
0.31800000 1.24339177
0.32000000 1.24464688
0.32200000 1.24589550
0.32400000 1.24713700
0.32600000 1.24837078
0.32800000 1.24959626
0.33000000 1.25081288
0.33200000 1.25202010
0.33400000 1.25321739
0.33600000 1.25440425
0.33800000 1.25558020
0.34000000 1.25674477
0.34200000 1.25789755
0.34400000 1.25903811
0.34600000 1.26016606
0.34800000 1.26128106
0.35000000 1.26238275
0.35200000 1.26347083
0.35400000 1.26454501
0.35600000 1.26560503
0.35800000 1.26665065
0.36000000 1.26768166
0.36200000 1.26869789
0.36400000 1.26969918
0.36600000 1.27068538
0.36800000 1.27165641
0.37000000 1.27261218
0.37200000 1.27355264
0.37400000 1.27447776
0.37600000 1.27538753
0.37800000 1.27628199
0.38000000 1.27716118
0.38200000 1.27802517
0.38400000 1.27887406
0.38600000 1.27970796
0.38800000 1.28052703
0.39000000 1.28133141
0.39200000 1.28212131
0.39400000 1.28289693
0.39600000 1.28365849
0.39800000 1.28440625
0.40000000 1.28514048
0.40200000 1.28586146
0.40400000 1.28656950
0.40600000 1.28726492
0.40800000 1.28794806
0.41000000 1.28861928
0.41200000 1.28927895
0.41400000 1.28992744
0.41600000 1.29056517
0.41800000 1.29119254
0.42000000 1.29180998
0.42200000 1.29241791
0.42400000 1.29301678
0.42600000 1.29360704
0.42800000 1.29418916
0.43000000 1.29476360
0.43200000 1.29533083
0.43400000 1.29589134
0.43600000 1.29644560
0.43800000 1.29699412
0.44000000 1.29753737
0.44200000 1.29807586
0.44400000 1.29861006
0.44600000 1.29914049
0.44800000 1.29966762
0.45000000 1.30019196
0.45200000 1.30071398
0.45400000 1.30123418
0.45600000 1.30175303
0.45800000 1.30227100
0.46000000 1.30278858
0.46200000 1.30330621
0.46400000 1.30382436
0.46600000 1.30434346
0.46800000 1.30486396
0.47000000 1.30538627
0.47200000 1.30591083
0.47400000 1.30643802
0.47600000 1.30696823
0.47800000 1.30750186
0.48000000 1.30803926
0.48200000 1.30858078
0.48400000 1.30912676
0.48600000 1.30967752
0.48800000 1.31023335
0.49000000 1.31079456
0.49200000 1.31136140
0.49400000 1.31193414
0.49600000 1.31251300
0.49800000 1.31309819
0.50000000 1.31368993
0.50200000 1.31428838
0.50400000 1.31489370
0.50600000 1.31550603
0.50800000 1.31612549
0.51000000 1.31675217
0.51200000 1.31738616
0.51400000 1.31802750
0.51600000 1.31867623
0.51800000 1.31933236
0.52000000 1.31999588
0.52200000 1.32066677
0.52400000 1.32134497
0.52600000 1.32203041
0.52800000 1.32272299
0.53000000 1.32342260
0.53200000 1.32412910
0.53400000 1.32484234
0.53600000 1.32556213
0.53800000 1.32628827
0.54000000 1.32702054
0.54200000 1.32775870
0.54400000 1.32850250
0.54600000 1.32925163
0.54800000 1.33000582
0.55000000 1.33076472
0.55200000 1.33152801
0.55400000 1.33229533
0.55600000 1.33306630
0.55800000 1.33384053
0.56000000 1.33461761
0.56200000 1.33539711
0.56400000 1.33617859
0.56600000 1.33696159
0.56800000 1.33774563
0.57000000 1.33853024
0.57200000 1.33931491
0.57400000 1.34009912
0.57600000 1.34088236
0.57800000 1.34166407
0.58000000 1.34244372
0.58200000 1.34322075
0.58400000 1.34399459
0.58600000 1.34476466
0.58800000 1.34553039
0.59000000 1.34629117
0.59200000 1.34704641
0.59400000 1.34779551
0.59600000 1.34853787
0.59800000 1.34927287
0.60000000 1.34999990
0.60200000 1.35071834
0.60400000 1.35142759
0.60600000 1.35212701
0.60800000 1.35281601
0.61000000 1.35349396
0.61200000 1.35416025
0.61400000 1.35481427
0.61600000 1.35545543
0.61800000 1.35608312
0.62000000 1.35669675
0.62200000 1.35729574
0.62400000 1.35787951
0.62600000 1.35844749
0.62800000 1.35899912
0.63000000 1.35953385
0.63200000 1.36005115
0.63400000 1.36055050
0.63600000 1.36103137
0.63800000 1.36149329
0.64000000 1.36193575
0.64200000 1.36235830
0.64400000 1.36276048
0.64600000 1.36314187
0.64800000 1.36350204
0.65000000 1.36384061
0.65200000 1.36415719
0.65400000 1.36445142
0.65600000 1.36472298
0.65800000 1.36497154
0.66000000 1.36519682
0.66200000 1.36539855
0.66400000 1.36557647
0.66600000 1.36573038
0.66800000 1.36586007
0.67000000 1.36596536
0.67200000 1.36604612
0.67400000 1.36610223
0.67600000 1.36613358
0.67800000 1.36614012
0.68000000 1.36612180
0.68200000 1.36607862
0.68400000 1.36601058
0.68600000 1.36591774
0.68800000 1.36580016
0.69000000 1.36565795
0.69200000 1.36549124
0.69400000 1.36530020
0.69600000 1.36508500
0.69800000 1.36484587
0.70000000 1.36458306
0.70200000 1.36429684
0.70400000 1.36398753
0.70600000 1.36365545
0.70800000 1.36330098
0.71000000 1.36292451
0.71200000 1.36252646
0.71400000 1.36210729
0.71600000 1.36166747
0.71800000 1.36120752
0.72000000 1.36072797
0.72200000 1.36022939
0.72400000 1.35971237
0.72600000 1.35917753
0.72800000 1.35862552
0.73000000 1.35805699
0.73200000 1.35747266
0.73400000 1.35687324
0.73600000 1.35625947
0.73800000 1.35563213
0.74000000 1.35499200
0.74200000 1.35433990
0.74400000 1.35367666
0.74600000 1.35300314
0.74800000 1.35232020
0.75000000 1.35162875
0.75200000 1.35092969
0.75400000 1.35022395
0.75600000 1.34951248
0.75800000 1.34879623
0.76000000 1.34807618
0.76200000 1.34735332
0.76400000 1.34662863
0.76600000 1.34590314
0.76800000 1.34517786
0.77000000 1.34445381
0.77200000 1.34373204
0.77400000 1.34301358
0.77600000 1.34229948
0.77800000 1.34159080
0.78000000 1.34088858
0.78200000 1.34019389
0.78400000 1.33950777
0.78600000 1.33883128
0.78800000 1.33816548
0.79000000 1.33751141
0.79200000 1.33687011
0.79400000 1.33624263
0.79600000 1.33563000
0.79800000 1.33503322
0.80000000 1.33445333
0.80200000 1.33389130
0.80400000 1.33334814
0.80600000 1.33282481
0.80800000 1.33232228
0.81000000 1.33184147
0.81200000 1.33138332
0.81400000 1.33094872
0.81600000 1.33053855
0.81800000 1.33015368
0.82000000 1.32979494
0.82200000 1.32946315
0.82400000 1.32915908
0.82600000 1.32888350
0.82800000 1.32863713
0.83000000 1.32842068
0.83200000 1.32823481
0.83400000 1.32808017
0.83600000 1.32795735
0.83800000 1.32786693
0.84000000 1.32780944
0.84200000 1.32778538
0.84400000 1.32779521
0.84600000 1.32783936
0.84800000 1.32791821
0.85000000 1.32803211
0.85200000 1.32818134
0.85400000 1.32836619
0.85600000 1.32858686
0.85800000 1.32884353
0.86000000 1.32913633
0.86200000 1.32946535
0.86400000 1.32983063
0.86600000 1.33023217
0.86800000 1.33066990
0.87000000 1.33114374
0.87200000 1.33165353
0.87400000 1.33219909
0.87600000 1.33278018
0.87800000 1.33339650
0.88000000 1.33404771
0.88200000 1.33473344
0.88400000 1.33545324
0.88600000 1.33620664
0.88800000 1.33699309
0.89000000 1.33781203
0.89200000 1.33866281
0.89400000 1.33954477
0.89600000 1.34045718
0.89800000 1.34139926
0.90000000 1.34237021
0.90200000 1.34336915
0.90400000 1.34439517
0.90600000 1.34544731
0.90800000 1.34652458
0.91000000 1.34762592
0.91200000 1.34875025
0.91400000 1.34989644
0.91600000 1.35106332
0.91800000 1.35224967
0.92000000 1.35345424
0.92200000 1.35467574
0.92400000 1.35591285
0.92600000 1.35716420
0.92800000 1.35842839
0.93000000 1.35970400
0.93200000 1.36098956
0.93400000 1.36228358
0.93600000 1.36358454
0.93800000 1.36489090
0.94000000 1.36620108
0.94200000 1.36751348
0.94400000 1.36882649
0.94600000 1.37013848
0.94800000 1.37144777
0.95000000 1.37275272
0.95200000 1.37405162
0.95400000 1.37534278
0.95600000 1.37662449
0.95800000 1.37789504
0.96000000 1.37915271
0.96200000 1.38039577
0.96400000 1.38162249
0.96600000 1.38283115
0.96800000 1.38402003
0.97000000 1.38518741
0.97200000 1.38633158
0.97400000 1.38745084
0.97600000 1.38854351
0.97800000 1.38960791
0.98000000 1.39064240
0.98200000 1.39164534
0.98400000 1.39261512
0.98600000 1.39355014
0.98800000 1.39444887
0.99000000 1.39530975
0.99200000 1.39613130
0.99400000 1.39691205
0.99600000 1.39765059
0.99800000 1.39834551
1.00000000 1.39899548
1.00200000 1.39959920
1.00400000 1.40015541
1.00600000 1.40066291
1.00800000 1.40112054
1.01000000 1.40152721
1.01200000 1.40188187
1.01400000 1.40218354
1.01600000 1.40243129
1.01800000 1.40262424
1.02000000 1.40276162
1.02200000 1.40284267
1.02400000 1.40286674
1.02600000 1.40283323
1.02800000 1.40274162
1.03000000 1.40259145
1.03200000 1.40238235
1.03400000 1.40211402
1.03600000 1.40178625
1.03800000 1.40139888
1.04000000 1.40095187
1.04200000 1.40044523
1.04400000 1.39987907
1.04600000 1.39925359
1.04800000 1.39856904
1.05000000 1.39782581
1.05200000 1.39702433
1.05400000 1.39616515
1.05600000 1.39524888
1.05800000 1.39427624
1.06000000 1.39324803
1.06200000 1.39216513
1.06400000 1.39102854
1.06600000 1.38983931
1.06800000 1.38859861
1.07000000 1.38730766
1.07200000 1.38596782
1.07400000 1.38458048
1.07600000 1.38314717
1.07800000 1.38166946
1.08000000 1.38014903
1.08200000 1.37858764
1.08400000 1.37698713
1.08600000 1.37534941
1.08800000 1.37367649
1.09000000 1.37197043
1.09200000 1.37023339
1.09400000 1.36846758
1.09600000 1.36667531
1.09800000 1.36485892
1.10000000 1.36302086
1.10200000 1.36116360
1.10400000 1.35928970
1.10600000 1.35740177
1.10800000 1.35550247
1.11000000 1.35359452
1.11200000 1.35168067
1.11400000 1.34976374
1.11600000 1.34784658
1.11800000 1.34593206
1.12000000 1.34402312
1.12200000 1.34212269
1.12400000 1.34023376
1.12600000 1.33835933
1.12800000 1.33650240
1.13000000 1.33466601
1.13200000 1.33285318
1.13400000 1.33106697
1.13600000 1.32931040
1.13800000 1.32758652
1.14000000 1.32589834
1.14200000 1.32424888
1.14400000 1.32264112
1.14600000 1.32107802
1.14800000 1.31956252
1.15000000 1.31809751
1.15200000 1.31668585
1.15400000 1.31533036
1.15600000 1.31403379
1.15800000 1.31279884
1.16000000 1.31162817
1.16200000 1.31052433
1.16400000 1.30948985
1.16600000 1.30852714
1.16800000 1.30763856
1.17000000 1.30682635
1.17200000 1.30609269
1.17400000 1.30543964
1.17600000 1.30486916
1.17800000 1.30438312
1.18000000 1.30398326
1.18200000 1.30367120
1.18400000 1.30344845
1.18600000 1.30331640
1.18800000 1.30327628
1.19000000 1.30332922
1.19200000 1.30347619
1.19400000 1.30371802
1.19600000 1.30405539
1.19800000 1.30448885
1.20000000 1.30501876
1.20200000 1.30564535
1.20400000 1.30636868
1.20600000 1.30718866
1.20800000 1.30810500
1.21000000 1.30911729
1.21200000 1.31022490
1.21400000 1.31142707
1.21600000 1.31272284
1.21800000 1.31411107
1.22000000 1.31559047
1.22200000 1.31715955
1.22400000 1.31881666
1.22600000 1.32055995
1.22800000 1.32238740
1.23000000 1.32429684
1.23200000 1.32628587
1.23400000 1.32835197
1.23600000 1.33049240
1.23800000 1.33270428
1.24000000 1.33498455
1.24200000 1.33732997
1.24400000 1.33973716
1.24600000 1.34220255
1.24800000 1.34472244
1.25000000 1.34729295
1.25200000 1.34991008
1.25400000 1.35256965
1.25600000 1.35526738
1.25800000 1.35799883
1.26000000 1.36075943
1.26200000 1.36354450
1.26400000 1.36634925
1.26600000 1.36916877
1.26800000 1.37199805
1.27000000 1.37483200
1.27200000 1.37766542
1.27400000 1.38049306
1.27600000 1.38330959
1.27800000 1.38610962
1.28000000 1.38888772
1.28200000 1.39163842
1.28400000 1.39435622
1.28600000 1.39703558
1.28800000 1.39967100
1.29000000 1.40225692
1.29200000 1.40478786
1.29400000 1.40725832
1.29600000 1.40966285
1.29800000 1.41199606
1.30000000 1.41425261
1.30200000 1.41642723
1.30400000 1.41851475
1.30600000 1.42051009
1.30800000 1.42240827
1.31000000 1.42420446
1.31200000 1.42589395
1.31400000 1.42747217
1.31600000 1.42893472
1.31800000 1.43027739
1.32000000 1.43149614
1.32200000 1.43258712
1.32400000 1.43354672
1.32600000 1.43437152
1.32800000 1.43505836
1.33000000 1.43560433
1.33200000 1.43600676
1.33400000 1.43626327
1.33600000 1.43637175
1.33800000 1.43633038
1.34000000 1.43613765
1.34200000 1.43579237
1.34400000 1.43529365
1.34600000 1.43464094
1.34800000 1.43383404
1.35000000 1.43287309
1.35200000 1.43175858
1.35400000 1.43049136
1.35600000 1.42907264
1.35800000 1.42750403
1.36000000 1.42578748
1.36200000 1.42392534
1.36400000 1.42192034
1.36600000 1.41977560
1.36800000 1.41749460
1.37000000 1.41508123
1.37200000 1.41253977
1.37400000 1.40987486
1.37600000 1.40709154
1.37800000 1.40419522
1.38000000 1.40119168
1.38200000 1.39808706
1.38400000 1.39488789
1.38600000 1.39160101
1.38800000 1.38823363
1.39000000 1.38479329
1.39200000 1.38128784
1.39400000 1.37772545
1.39600000 1.37411458
1.39800000 1.37046397
1.40000000 1.36678263
1.40200000 1.36307981
1.40400000 1.35936498
1.40600000 1.35564784
1.40800000 1.35193828
1.41000000 1.34824633
1.41200000 1.34458218
1.41400000 1.34095616
1.41600000 1.33737867
1.41800000 1.33386018
1.42000000 1.33041123
1.42200000 1.32704234
1.42400000 1.32376404
1.42600000 1.32058682
1.42800000 1.31752108
1.43000000 1.31457712
1.43200000 1.31176513
1.43400000 1.30909510
1.43600000 1.30657684
1.43800000 1.30421992
1.44000000 1.30203364
1.44200000 1.30002701
1.44400000 1.29820869
1.44600000 1.29658700
1.44800000 1.29516983
1.45000000 1.29396464
1.45200000 1.29297844
1.45400000 1.29221772
1.45600000 1.29168844
1.45800000 1.29139599
1.46000000 1.29134516
1.46200000 1.29154013
1.46400000 1.29198440
1.46600000 1.29268078
1.46800000 1.29363140
1.47000000 1.29483762
1.47200000 1.29630004
1.47400000 1.29801848
1.47600000 1.29999196
1.47800000 1.30221866
1.48000000 1.30469592
1.48200000 1.30742023
1.48400000 1.31038721
1.48600000 1.31359159
1.48800000 1.31702725
1.49000000 1.32068713
1.49200000 1.32456332
1.49400000 1.32864700
1.49600000 1.33292847
1.49800000 1.33739716
1.50000000 1.34204165
1.50200000 1.34684963
1.50400000 1.35180800
1.50600000 1.35690285
1.50800000 1.36211945
1.51000000 1.36744238
1.51200000 1.37285544
1.51400000 1.37834180
1.51600000 1.38388396
1.51800000 1.38946385
1.52000000 1.39506283
1.52200000 1.40066180
1.52400000 1.40624121
1.52600000 1.41178114
1.52800000 1.41726136
1.53000000 1.42266140
1.53200000 1.42796063
1.53400000 1.43313833
1.53600000 1.43817376
1.53800000 1.44304624
1.54000000 1.44773525
1.54200000 1.45222052
1.54400000 1.45648208
1.54600000 1.46050040
1.54800000 1.46425646
1.55000000 1.46773184
1.55200000 1.47090883
1.55400000 1.47377052
1.55600000 1.47630088
1.55800000 1.47848490
1.56000000 1.48030863
1.56200000 1.48175933
1.56400000 1.48282553
1.56600000 1.48349712
1.56800000 1.48376546
1.57000000 1.48362348
1.57200000 1.48306570
1.57400000 1.48208837
1.57600000 1.48068953
1.57800000 1.47886907
1.58000000 1.47662880
1.58200000 1.47397248
1.58400000 1.47090593
1.58600000 1.46743702
1.58800000 1.46357570
1.59000000 1.45933406
1.59200000 1.45472634
1.59400000 1.44976891
1.59600000 1.44448027
1.59800000 1.43888106
1.60000000 1.43299401
1.60200000 1.42684388
1.60400000 1.42045745
1.60600000 1.41386344
1.60800000 1.40709240
1.61000000 1.40017665
1.61200000 1.39315019
1.61400000 1.38604851
1.61600000 1.37890853
1.61800000 1.37176842
1.62000000 1.36466741
1.62200000 1.35764568
1.62400000 1.35074411
1.62600000 1.34400409
1.62800000 1.33746736
1.63000000 1.33117568
1.63200000 1.32517069
1.63400000 1.31949359
1.63600000 1.31418495
1.63800000 1.30928437
1.64000000 1.30483025
1.64200000 1.30085951
1.64400000 1.29740727
1.64600000 1.29450663
1.64800000 1.29218830
1.65000000 1.29048038
1.65200000 1.28940803
1.65400000 1.28899321
1.65600000 1.28925441
1.65800000 1.29020639
1.66000000 1.29185990
1.66200000 1.29422148
1.66400000 1.29729320
1.66600000 1.30107251
1.66800000 1.30555200
1.67000000 1.31071931
1.67200000 1.31655695
1.67400000 1.32304224
1.67600000 1.33014724
1.67800000 1.33783870
1.68000000 1.34607812
1.68200000 1.35482173
1.68400000 1.36402068
1.68600000 1.37362110
1.68800000 1.38356432
1.69000000 1.39378711
1.69200000 1.40422194
1.69400000 1.41479735
1.69600000 1.42543833
1.69800000 1.43606673
1.70000000 1.44660179
1.70200000 1.45696065
1.70400000 1.46705896
1.70600000 1.47681150
1.70800000 1.48613288
1.71000000 1.49493827
1.71200000 1.50314412
1.71400000 1.51066902
1.71600000 1.51743447
1.71800000 1.52336576
1.72000000 1.52839283
1.72200000 1.53245115
1.72400000 1.53548255
1.72600000 1.53743617
1.72800000 1.53826923
1.73000000 1.53794791
1.73200000 1.53644811
1.73400000 1.53375620
1.73600000 1.52986968
1.73800000 1.52479781
1.74000000 1.51856211
1.74200000 1.51119679
1.74400000 1.50274909
1.74600000 1.49327944
1.74800000 1.48286151
1.75000000 1.47158219
1.75200000 1.45954128
1.75400000 1.44685111
1.75600000 1.43363598
1.75800000 1.42003137
1.76000000 1.40618301
1.76200000 1.39224572
1.76400000 1.37838212
1.76600000 1.36476104
1.76800000 1.35155589
1.77000000 1.33894269
1.77200000 1.32709804
1.77400000 1.31619693
1.77600000 1.30641028
1.77800000 1.29790255
1.78000000 1.29082909
1.78200000 1.28533351
1.78400000 1.28154495
1.78600000 1.27957547
1.78800000 1.27951729
1.79000000 1.28144031
1.79200000 1.28538963
1.79400000 1.29138329
1.79600000 1.29941031
1.79800000 1.30942889
1.80000000 1.32136509
1.80200000 1.33511183
1.80400000 1.35052838
1.80600000 1.36744041
1.80800000 1.38564051
1.81000000 1.40488941
1.81200000 1.42491782
1.81400000 1.44542898
1.81600000 1.46610190
1.81800000 1.48659534
1.82000000 1.50655255
1.82200000 1.52560664
1.82400000 1.54338674
1.82600000 1.55952474
1.82800000 1.57366256
1.83000000 1.58546000
1.83200000 1.59460284
1.83400000 1.60081124
1.83600000 1.60384824
1.83800000 1.60352802
1.84000000 1.59972403
1.84200000 1.59237643
1.84400000 1.58149885
1.84600000 1.56718409
1.84800000 1.54960853
1.85000000 1.52903498
1.85200000 1.50581370
1.85400000 1.48038136
1.85600000 1.45325767
1.85800000 1.42503945
1.86000000 1.39639208
1.86200000 1.36803810
1.86400000 1.34074297
1.86600000 1.31529799
1.86800000 1.29250060
1.87000000 1.27313205
1.87200000 1.25793314
1.87400000 1.24757812
1.87600000 1.24264761
1.87800000 1.24360123
1.88000000 1.25075067
1.88200000 1.26423441
1.88400000 1.28399508
1.88600000 1.30976071
1.88800000 1.34103126
1.89000000 1.37707156
1.89200000 1.41691226
1.89400000 1.45935970
1.89600000 1.50301621
1.89800000 1.54631128
1.90000000 1.58754453
1.90200000 1.62494050
1.90400000 1.65671478
1.90600000 1.68115083
1.90800000 1.69668540
1.91000000 1.70200040
1.91200000 1.69611766
1.91400000 1.67849232
1.91600000 1.64909978
1.91800000 1.60850998
1.92000000 1.55794245
1.92200000 1.49929480
1.92400000 1.43513719
1.92600000 1.36866574
1.92800000 1.30360837
1.93000000 1.24407836
1.93200000 1.19437300
1.93400000 1.15871806
1.93600000 1.14096316
1.93800000 1.14423801
1.94000000 1.17058635
1.94200000 1.22060071
1.94400000 1.29308946
1.94600000 1.38481418
1.94800000 1.49034288
1.95000000 1.60206854
1.95200000 1.71044451
1.95400000 1.80448415
1.95600000 1.87256163
1.95800000 1.90353024
1.96000000 1.88814211
1.96200000 1.82070630
1.96400000 1.70085949
1.96600000 1.53524347
1.96800000 1.33879119
1.97000000 1.13522192
1.97200000 0.95625332
1.97400000 0.83897631
1.97600000 0.82084943
1.97800000 0.93191849
1.98000000 1.18424988
1.98200000 1.55933138
1.98400000 1.99555229
1.98600000 2.38012980
1.98800000 2.55343308
1.99000000 2.33916797
1.99200000 1.62216280
1.99400000 0.50767777
1.99600000 -0.38618813
1.99800000 0.57381247
2.00000000 6.86074589
