0.002	1.002
0.004	1.00399
0.006	1.00598
0.008	1.00797
0.01	1.00995
0.012	1.01193
0.014	1.0139
0.016	1.01587
0.018	1.01783
0.02	1.01979
0.022	1.02175
0.024	1.0237
0.026	1.02565
0.028	1.02759
0.03	1.02953
0.032	1.03146
0.034	1.03339
0.036	1.03531
0.038	1.03723
0.04	1.03915
0.042	1.04106
0.044	1.04296
0.046	1.04486
0.048	1.04676
0.05	1.04865
0.052	1.05054
0.054	1.05242
0.056	1.05429
0.058	1.05616
0.06	1.05803
0.062	1.05989
0.064	1.06174
0.066	1.06359
0.068	1.06544
0.07	1.06728
0.072	1.06911
0.074	1.07094
0.076	1.07277
0.078	1.07458
0.08	1.0764
0.082	1.07821
0.084	1.08001
0.086	1.08181
0.088	1.0836
0.09	1.08538
0.092	1.08716
0.094	1.08894
0.096	1.09071
0.098	1.09247
0.1	1.09423
0.102	1.09598
0.104	1.09773
0.106	1.09947
0.108	1.1012
0.11	1.10293
0.112	1.10466
0.114	1.10637
0.116	1.10809
0.118	1.10979
0.12	1.11149
0.122	1.11319
0.124	1.11487
0.126	1.11656
0.128	1.11823
0.13	1.1199
0.132	1.12157
0.134	1.12322
0.136	1.12488
0.138	1.12652
0.14	1.12816
0.142	1.1298
0.144	1.13142
0.146	1.13304
0.148	1.13466
0.15	1.13627
0.152	1.13787
0.154	1.13947
0.156	1.14106
0.158	1.14264
0.16	1.14422
0.162	1.14579
0.164	1.14736
0.166	1.14891
0.168	1.15047
0.17	1.15201
0.172	1.15355
0.174	1.15508
0.176	1.15661
0.178	1.15813
0.18	1.15964
0.182	1.16115
0.184	1.16265
0.186	1.16415
0.188	1.16564
0.19	1.16712
0.192	1.16859
0.194	1.17006
0.196	1.17152
0.198	1.17298
0.2	1.17443
0.202	1.17587
0.204	1.1773
0.206	1.17873
0.208	1.18015
0.21	1.18157
0.212	1.18298
0.214	1.18438
0.216	1.18578
0.218	1.18717
0.22	1.18855
0.222	1.18993
0.224	1.1913
0.226	1.19266
0.228	1.19402
0.23	1.19537
0.232	1.19671
0.234	1.19804
0.236	1.19937
0.238	1.2007
0.24	1.20201
0.242	1.20332
0.244	1.20463
0.246	1.20592
0.248	1.20721
0.25	1.20849
0.252	1.20977
0.254	1.21104
0.256	1.2123
0.258	1.21356
0.26	1.21481
0.262	1.21605
0.264	1.21729
0.266	1.21852
0.268	1.21974
0.27	1.22096
0.272	1.22217
0.274	1.22337
0.276	1.22457
0.278	1.22575
0.28	1.22694
0.282	1.22811
0.284	1.22928
0.286	1.23045
0.288	1.2316
0.29	1.23275
0.292	1.2339
0.294	1.23503
0.296	1.23616
0.298	1.23729
0.3	1.2384
0.302	1.23951
0.304	1.24062
0.306	1.24171
0.308	1.2428
0.31	1.24389
0.312	1.24496
0.314	1.24604
0.316	1.2471
0.318	1.24816
0.32	1.24921
0.322	1.25025
0.324	1.25129
0.326	1.25232
0.328	1.25335
0.33	1.25437
0.332	1.25538
0.334	1.25639
0.336	1.25739
0.338	1.25838
0.34	1.25936
0.342	1.26035
0.344	1.26132
0.346	1.26229
0.348	1.26325
0.35	1.2642
0.352	1.26515
0.354	1.26609
0.356	1.26703
0.358	1.26796
0.36	1.26888
0.362	1.2698
0.364	1.27071
0.366	1.27161
0.368	1.27251
0.37	1.27341
0.372	1.27429
0.374	1.27517
0.376	1.27604
0.378	1.27691
0.38	1.27777
0.382	1.27863
0.384	1.27948
0.386	1.28032
0.388	1.28116
0.39	1.28199
0.392	1.28282
0.394	1.28363
0.396	1.28445
0.398	1.28525
0.4	1.28606
0.402	1.28685
0.404	1.28764
0.406	1.28842
0.408	1.2892
0.41	1.28997
0.412	1.29074
0.414	1.2915
0.416	1.29225
0.418	1.293
0.42	1.29374
0.422	1.29448
0.424	1.29521
0.426	1.29594
0.428	1.29666
0.43	1.29737
0.432	1.29808
0.434	1.29878
0.436	1.29948
0.438	1.30017
0.44	1.30086
0.442	1.30154
0.444	1.30222
0.446	1.30289
0.448	1.30355
0.45	1.30421
0.452	1.30486
0.454	1.30551
0.456	1.30615
0.458	1.30679
0.46	1.30742
0.462	1.30805
0.464	1.30867
0.466	1.30929
0.468	1.3099
0.47	1.3105
0.472	1.3111
0.474	1.3117
0.476	1.31229
0.478	1.31287
0.48	1.31345
0.482	1.31403
0.484	1.3146
0.486	1.31516
0.488	1.31572
0.49	1.31628
0.492	1.31683
0.494	1.31737
0.496	1.31791
0.498	1.31845
0.5	1.31898
0.502	1.3195
0.504	1.32002
0.506	1.32054
0.508	1.32105
0.51	1.32155
0.512	1.32206
0.514	1.32255
0.516	1.32304
0.518	1.32353
0.52	1.32401
0.522	1.32449
0.524	1.32497
0.526	1.32543
0.528	1.3259
0.53	1.32636
0.532	1.32681
0.534	1.32726
0.536	1.32771
0.538	1.32815
0.54	1.32859
0.542	1.32902
0.544	1.32945
0.546	1.32988
0.548	1.3303
0.55	1.33071
0.552	1.33112
0.554	1.33153
0.556	1.33193
0.558	1.33233
0.56	1.33273
0.562	1.33312
0.564	1.33351
0.566	1.33389
0.568	1.33427
0.57	1.33464
0.572	1.33501
0.574	1.33538
0.576	1.33574
0.578	1.3361
0.58	1.33645
0.582	1.33681
0.584	1.33715
0.586	1.3375
0.588	1.33784
0.59	1.33817
0.592	1.3385
0.594	1.33883
0.596	1.33916
0.598	1.33948
0.6	1.33979
0.602	1.34011
0.604	1.34042
0.606	1.34072
0.608	1.34103
0.61	1.34132
0.612	1.34162
0.614	1.34191
0.616	1.3422
0.618	1.34249
0.62	1.34277
0.622	1.34305
0.624	1.34332
0.626	1.34359
0.628	1.34386
0.63	1.34413
0.632	1.34439
0.634	1.34465
0.636	1.3449
0.638	1.34515
0.64	1.3454
0.642	1.34565
0.644	1.34589
0.646	1.34613
0.648	1.34637
0.65	1.3466
0.652	1.34683
0.654	1.34706
0.656	1.34728
0.658	1.34751
0.66	1.34772
0.662	1.34794
0.664	1.34815
0.666	1.34836
0.668	1.34857
0.67	1.34877
0.672	1.34897
0.674	1.34917
0.676	1.34937
0.678	1.34956
0.68	1.34975
0.682	1.34994
0.684	1.35012
0.686	1.35031
0.688	1.35049
0.69	1.35066
0.692	1.35084
0.694	1.35101
0.696	1.35118
0.698	1.35135
0.7	1.35151
0.702	1.35167
0.704	1.35183
0.706	1.35199
0.708	1.35215
0.71	1.3523
0.712	1.35245
0.714	1.3526
0.716	1.35274
0.718	1.35288
0.72	1.35303
0.722	1.35316
0.724	1.3533
0.726	1.35343
0.728	1.35357
0.73	1.3537
0.732	1.35382
0.734	1.35395
0.736	1.35407
0.738	1.35419
0.74	1.35431
0.742	1.35443
0.744	1.35455
0.746	1.35466
0.748	1.35477
0.75	1.35488
0.752	1.35499
0.754	1.35509
0.756	1.3552
0.758	1.3553
0.76	1.3554
0.762	1.3555
0.764	1.35559
0.766	1.35569
0.768	1.35578
0.77	1.35587
0.772	1.35596
0.774	1.35605
0.776	1.35613
0.778	1.35622
0.78	1.3563
0.782	1.35638
0.784	1.35646
0.786	1.35654
0.788	1.35661
0.79	1.35669
0.792	1.35676
0.794	1.35683
0.796	1.3569
0.798	1.35697
0.8	1.35704
0.802	1.3571
0.804	1.35717
0.806	1.35723
0.808	1.35729
0.81	1.35735
0.812	1.35741
0.814	1.35747
0.816	1.35752
0.818	1.35758
0.82	1.35763
0.822	1.35768
0.824	1.35773
0.826	1.35778
0.828	1.35783
0.83	1.35788
0.832	1.35792
0.834	1.35797
0.836	1.35801
0.838	1.35805
0.84	1.3581
0.842	1.35814
0.844	1.35817
0.846	1.35821
0.848	1.35825
0.85	1.35829
0.852	1.35832
0.854	1.35835
0.856	1.35839
0.858	1.35842
0.86	1.35845
0.862	1.35848
0.864	1.35851
0.866	1.35854
0.868	1.35857
0.87	1.35859
0.872	1.35862
0.874	1.35864
0.876	1.35867
0.878	1.35869
0.88	1.35871
0.882	1.35873
0.884	1.35876
0.886	1.35878
0.888	1.35879
0.89	1.35881
0.892	1.35883
0.894	1.35885
0.896	1.35887
0.898	1.35888
0.9	1.3589
0.902	1.35891
0.904	1.35893
0.906	1.35894
0.908	1.35895
0.91	1.35896
0.912	1.35898
0.914	1.35899
0.916	1.359
0.918	1.35901
0.92	1.35902
0.922	1.35903
0.924	1.35904
0.926	1.35904
0.928	1.35905
0.93	1.35906
0.932	1.35907
0.934	1.35907
0.936	1.35908
0.938	1.35908
0.94	1.35909
0.942	1.35909
0.944	1.3591
0.946	1.3591
0.948	1.35911
0.95	1.35911
0.952	1.35911
0.954	1.35912
0.956	1.35912
0.958	1.35912
0.96	1.35913
0.962	1.35913
0.964	1.35913
0.966	1.35913
0.968	1.35913
0.97	1.35913
0.972	1.35914
0.974	1.35914
0.976	1.35914
0.978	1.35914
0.98	1.35914
0.982	1.35914
0.984	1.35914
0.986	1.35914
0.988	1.35914
0.99	1.35914
0.992	1.35914
0.994	1.35914
0.996	1.35914
0.998	1.35914
1	1.35914
1.002	1.35914
1.004	1.35914
1.006	1.35914
1.008	1.35914
1.01	1.35914
1.012	1.35914
1.014	1.35914
1.016	1.35914
1.018	1.35914
1.02	1.35914
1.022	1.35914
1.024	1.35914
1.026	1.35914
1.028	1.35915
1.03	1.35915
1.032	1.35915
1.034	1.35915
1.036	1.35915
1.038	1.35915
1.04	1.35915
1.042	1.35916
1.044	1.35916
1.046	1.35916
1.048	1.35917
1.05	1.35917
1.052	1.35917
1.054	1.35918
1.056	1.35918
1.058	1.35918
1.06	1.35919
1.062	1.35919
1.064	1.3592
1.066	1.3592
1.068	1.35921
1.07	1.35921
1.072	1.35922
1.074	1.35923
1.076	1.35923
1.078	1.35924
1.08	1.35925
1.082	1.35926
1.084	1.35927
1.086	1.35928
1.088	1.35929
1.09	1.3593
1.092	1.35931
1.094	1.35932
1.096	1.35933
1.098	1.35934
1.1	1.35935
1.102	1.35936
1.104	1.35938
1.106	1.35939
1.108	1.3594
1.11	1.35942
1.112	1.35943
1.114	1.35945
1.116	1.35947
1.118	1.35948
1.12	1.3595
1.122	1.35952
1.124	1.35953
1.126	1.35955
1.128	1.35957
1.13	1.35959
1.132	1.35961
1.134	1.35963
1.136	1.35966
1.138	1.35968
1.14	1.3597
1.142	1.35972
1.144	1.35975
1.146	1.35977
1.148	1.3598
1.15	1.35982
1.152	1.35985
1.154	1.35988
1.156	1.35991
1.158	1.35994
1.16	1.35996
1.162	1.35999
1.164	1.36003
1.166	1.36006
1.168	1.36009
1.17	1.36012
1.172	1.36016
1.174	1.36019
1.176	1.36022
1.178	1.36026
1.18	1.3603
1.182	1.36033
1.184	1.36037
1.186	1.36041
1.188	1.36045
1.19	1.36049
1.192	1.36053
1.194	1.36057
1.196	1.36062
1.198	1.36066
1.2	1.3607
1.202	1.36075
1.204	1.36079
1.206	1.36084
1.208	1.36089
1.21	1.36094
1.212	1.36099
1.214	1.36104
1.216	1.36109
1.218	1.36114
1.22	1.36119
1.222	1.36124
1.224	1.3613
1.226	1.36135
1.228	1.36141
1.23	1.36147
1.232	1.36152
1.234	1.36158
1.236	1.36164
1.238	1.3617
1.24	1.36176
1.242	1.36183
1.244	1.36189
1.246	1.36195
1.248	1.36202
1.25	1.36209
1.252	1.36215
1.254	1.36222
1.256	1.36229
1.258	1.36236
1.26	1.36243
1.262	1.3625
1.264	1.36257
1.266	1.36265
1.268	1.36272
1.27	1.3628
1.272	1.36287
1.274	1.36295
1.276	1.36303
1.278	1.36311
1.28	1.36319
1.282	1.36327
1.284	1.36335
1.286	1.36344
1.288	1.36352
1.29	1.36361
1.292	1.36369
1.294	1.36378
1.296	1.36387
1.298	1.36396
1.3	1.36405
1.302	1.36414
1.304	1.36424
1.306	1.36433
1.308	1.36442
1.31	1.36452
1.312	1.36462
1.314	1.36472
1.316	1.36481
1.318	1.36492
1.32	1.36502
1.322	1.36512
1.324	1.36522
1.326	1.36533
1.328	1.36543
1.33	1.36554
1.332	1.36565
1.334	1.36576
1.336	1.36587
1.338	1.36598
1.34	1.36609
1.342	1.3662
1.344	1.36632
1.346	1.36643
1.348	1.36655
1.35	1.36667
1.352	1.36679
1.354	1.36691
1.356	1.36703
1.358	1.36715
1.36	1.36728
1.362	1.3674
1.364	1.36753
1.366	1.36766
1.368	1.36778
1.37	1.36791
1.372	1.36804
1.374	1.36818
1.376	1.36831
1.378	1.36844
1.38	1.36858
1.382	1.36872
1.384	1.36885
1.386	1.36899
1.388	1.36913
1.39	1.36927
1.392	1.36942
1.394	1.36956
1.396	1.36971
1.398	1.36985
1.4	1.37
1.402	1.37015
1.404	1.3703
1.406	1.37045
1.408	1.3706
1.41	1.37076
1.412	1.37091
1.414	1.37107
1.416	1.37122
1.418	1.37138
1.42	1.37154
1.422	1.3717
1.424	1.37187
1.426	1.37203
1.428	1.37219
1.43	1.37236
1.432	1.37253
1.434	1.3727
1.436	1.37287
1.438	1.37304
1.44	1.37321
1.442	1.37338
1.444	1.37356
1.446	1.37373
1.448	1.37391
1.45	1.37409
1.452	1.37427
1.454	1.37445
1.456	1.37463
1.458	1.37482
1.46	1.375
1.462	1.37519
1.464	1.37538
1.466	1.37557
1.468	1.37576
1.47	1.37595
1.472	1.37614
1.474	1.37634
1.476	1.37653
1.478	1.37673
1.48	1.37693
1.482	1.37713
1.484	1.37733
1.486	1.37753
1.488	1.37773
1.49	1.37794
1.492	1.37814
1.494	1.37835
1.496	1.37856
1.498	1.37877
1.5	1.37898
1.502	1.37919
1.504	1.37941
1.506	1.37962
1.508	1.37984
1.51	1.38006
1.512	1.38028
1.514	1.3805
1.516	1.38072
1.518	1.38095
1.52	1.38117
1.522	1.3814
1.524	1.38162
1.526	1.38185
1.528	1.38208
1.53	1.38232
1.532	1.38255
1.534	1.38278
1.536	1.38302
1.538	1.38326
1.54	1.38349
1.542	1.38373
1.544	1.38398
1.546	1.38422
1.548	1.38446
1.55	1.38471
1.552	1.38496
1.554	1.3852
1.556	1.38545
1.558	1.3857
1.56	1.38596
1.562	1.38621
1.564	1.38647
1.566	1.38672
1.568	1.38698
1.57	1.38724
1.572	1.3875
1.574	1.38776
1.576	1.38803
1.578	1.38829
1.58	1.38856
1.582	1.38883
1.584	1.3891
1.586	1.38937
1.588	1.38964
1.59	1.38991
1.592	1.39019
1.594	1.39046
1.596	1.39074
1.598	1.39102
1.6	1.3913
1.602	1.39158
1.604	1.39187
1.606	1.39215
1.608	1.39244
1.61	1.39273
1.612	1.39302
1.614	1.39331
1.616	1.3936
1.618	1.39389
1.62	1.39419
1.622	1.39448
1.624	1.39478
1.626	1.39508
1.628	1.39538
1.63	1.39568
1.632	1.39599
1.634	1.39629
1.636	1.3966
1.638	1.39691
1.64	1.39722
1.642	1.39753
1.644	1.39784
1.646	1.39815
1.648	1.39847
1.65	1.39879
1.652	1.3991
1.654	1.39942
1.656	1.39974
1.658	1.40007
1.66	1.40039
1.662	1.40072
1.664	1.40104
1.666	1.40137
1.668	1.4017
1.67	1.40203
1.672	1.40237
1.674	1.4027
1.676	1.40304
1.678	1.40338
1.68	1.40371
1.682	1.40405
1.684	1.4044
1.686	1.40474
1.688	1.40508
1.69	1.40543
1.692	1.40578
1.694	1.40613
1.696	1.40648
1.698	1.40683
1.7	1.40718
1.702	1.40754
1.704	1.4079
1.706	1.40825
1.708	1.40861
1.71	1.40898
1.712	1.40934
1.714	1.4097
1.716	1.41007
1.718	1.41044
1.72	1.4108
1.722	1.41117
1.724	1.41155
1.726	1.41192
1.728	1.41229
1.73	1.41267
1.732	1.41305
1.734	1.41343
1.736	1.41381
1.738	1.41419
1.74	1.41458
1.742	1.41496
1.744	1.41535
1.746	1.41574
1.748	1.41613
1.75	1.41652
1.752	1.41691
1.754	1.41731
1.756	1.4177
1.758	1.4181
1.76	1.4185
1.762	1.4189
1.764	1.4193
1.766	1.4197
1.768	1.42011
1.77	1.42052
1.772	1.42093
1.774	1.42133
1.776	1.42175
1.778	1.42216
1.78	1.42257
1.782	1.42299
1.784	1.42341
1.786	1.42383
1.788	1.42425
1.79	1.42467
1.792	1.42509
1.794	1.42552
1.796	1.42595
1.798	1.42637
1.8	1.4268
1.802	1.42724
1.804	1.42767
1.806	1.4281
1.808	1.42854
1.81	1.42898
1.812	1.42942
1.814	1.42986
1.816	1.4303
1.818	1.43074
1.82	1.43119
1.822	1.43164
1.824	1.43208
1.826	1.43253
1.828	1.43299
1.83	1.43344
1.832	1.43389
1.834	1.43435
1.836	1.43481
1.838	1.43527
1.84	1.43573
1.842	1.43619
1.844	1.43666
1.846	1.43712
1.848	1.43759
1.85	1.43806
1.852	1.43853
1.854	1.439
1.856	1.43948
1.858	1.43995
1.86	1.44043
1.862	1.44091
1.864	1.44139
1.866	1.44187
1.868	1.44235
1.87	1.44284
1.872	1.44332
1.874	1.44381
1.876	1.4443
1.878	1.44479
1.88	1.44529
1.882	1.44578
1.884	1.44628
1.886	1.44677
1.888	1.44727
1.89	1.44777
1.892	1.44828
1.894	1.44878
1.896	1.44929
1.898	1.44979
1.9	1.4503
1.902	1.45081
1.904	1.45132
1.906	1.45184
1.908	1.45235
1.91	1.45287
1.912	1.45339
1.914	1.45391
1.916	1.45443
1.918	1.45495
1.92	1.45548
1.922	1.45601
1.924	1.45653
1.926	1.45706
1.928	1.4576
1.93	1.45813
1.932	1.45866
1.934	1.4592
1.936	1.45974
1.938	1.46028
1.94	1.46082
1.942	1.46136
1.944	1.4619
1.946	1.46245
1.948	1.463
1.95	1.46355
1.952	1.4641
1.954	1.46465
1.956	1.46521
1.958	1.46576
1.96	1.46632
1.962	1.46688
1.964	1.46744
1.966	1.468
1.968	1.46856
1.97	1.46913
1.972	1.4697
1.974	1.47027
1.976	1.47084
1.978	1.47141
1.98	1.47198
1.982	1.47256
1.984	1.47314
1.986	1.47371
1.988	1.47429
1.99	1.47488
1.992	1.47546
1.994	1.47605
1.996	1.47663
1.998	1.47722
2	1.47781
2.002	1.4784
